-----------CASO 1-----------
702743
791065
895389
795546
639380
991392
557458
651540
529297
708503
-----------CASO 2-----------
693143
687382
626580
784025
823706
589459
593299
769944
816666
650901
-----------CASO 3-----------
584979
751384
603540
769304
628500
508816
707862
1120676
600339
1172518
-----------CASO 4-----------
718743
589459
686102
517137
617620
685462
566418
637461
707223
508816
-----------CASO 5-----------
663701
630420
623379
993952
812186
792345
769305
960031
640020
673301
-----------CASO 6-----------
507536
698262
738584
2090307
875548
822426
477455
616339
661141
533777
-----------CASO 7-----------
477455
639381
679701
621460
622100
1011232
622739
727063
1080354
630421
-----------CASO 8-----------
718103
736664
662421
711062
566418
652180
535697
583059
669462
488976
-----------CASO 9-----------
666262
1065634
665621
880668
539537
743704
512657
622740
718103
653461
-----------CASO 10-----------
621460
755864
1263400
507536
568339
722583
621460
520337
512657
671381
