-----------CASO 1-----------
5981632
6016193
6292042
7116388
5993792
6233800
6005312
5791546
5785785
5739704
-----------CASO 2-----------
6224199
5902909
5779384
7092067
6336842
6277321
6084034
5858748
6546769
5988672
-----------CASO 3-----------
5691702
6756697
6119876
6466127
6330442
5699383
6055874
7286633
5852987
6571090
-----------CASO 4-----------
6005312
6043713
6153157
5941950
6133956
5968831
5743544
5922749
7552242
5614900
-----------CASO 5-----------
6077635
5936190
6215879
6140997
6440526
6576210
6798297
6020033
6257480
5844027
-----------CASO 6-----------
5735863
5875388
6098755
7202791
7189990
6183238
5814586
6032193
5863868
6187078
-----------CASO 7-----------
5584819
6517328
6135876
6264520
7045345
6432845
7148389
6283081
7799290
5800506
-----------CASO 8-----------
6068034
5756344
6386765
6297802
6102595
6079554
5824826
5881148
6038593
5849147
-----------CASO 9-----------
5937470
5796026
6595411
5991231
5952190
6084034
5794106
5766584
6455887
5928510
-----------CASO 10-----------
6244039
5656501
8061698
5628980
5764024
5938110
6078914
6272201
6691414
6394445
