-----------CASO 1-----------
1473967
1289641
2147909
1773497
1175717
6157637
1265960
1408045
1799738
1051554
1128996
856987
1565490
1421485
4194054
862107
952991
1057314
1155237
1105955
-----------CASO 2-----------
903068
747544
883228
771224
1045794
1034273
1595571
1077794
1204519
1862460
1941182
9825595
1090595
956830
3097699
892189
1182118
1441326
1777337
992672
-----------CASO 3-----------
1884861
2806490
1843899
1730615
1067554
3077858
706583
831387
962590
920349
1063714
1297962
1053473
1642933
1767737
2261192
2646484
2021824
4044289
785945
-----------CASO 4-----------
897308
904349
1616051
1649972
1792698
1081635
918429
650261
677782
856347
1347883
1511089
714263
818586
817946
863387
1572530
805786
888348
847388
-----------CASO 5-----------
3783801
1459247
782105
920350
2255432
1027233
969631
1445167
942750
1246760
1300522
2168389
810906
963231
2219591
779545
844827
875548
608660
2542801
-----------CASO 6-----------
898588
682262
853148
742424
854428
770584
622740
730263
734103
558738
5856187
1001632
853787
770585
1228840
874908
901149
1294762
1207718
781465
-----------CASO 7-----------
815386
798106
1856059
862107
952350
2951774
5152805
1258920
798106
1330602
723223
8130820
2662485
829467
641300
716183
801306
812826
776345
814746
-----------CASO 8-----------
641301
750104
672021
869148
938270
794905
797465
766105
581779
613780
871708
792986
1330602
1490608
645781
757784
603539
567058
732823
698902
-----------CASO 9-----------
692502
614419
764825
755225
726423
844188
828186
885788
1231400
1545009
613140
698902
693782
860188
819866
760984
698262
878748
2617684
814106
-----------CASO 10-----------
848028
602260
718743
848667
547857
625940
990112
757784
579858
627860
6043074
648981
689302
534417
1752376
610580
604819
690582
713623
579859
