-----------CASO 1-----------
10325451
13742520
10124484
9865276
11828859
8947487
16670613
8770200
8841243
12316554
7520881
7922814
7911933
8313226
9193895
7179110
7531761
7910013
7716727
8920606
-----------CASO 2-----------
8167941
7191270
7428718
7739127
7212391
7545841
8804762
7460719
7719287
7864572
8721559
7383917
6921822
7055585
10049602
9492783
7241191
9796794
7748088
6926302
-----------CASO 3-----------
7966975
12630164
9295017
7878012
7177830
7557362
6327882
6494288
6860380
9778873
6893021
10004801
7565042
8582675
20312970
9415341
12277513
7471599
7321835
6886620
-----------CASO 4-----------
6759257
6638292
6142277
6861020
9133093
6821338
6612691
6254280
6323403
6238279
7010144
9168933
6949983
6933982
6318923
6528849
6802778
6135237
6904541
6640212
-----------CASO 5-----------
13569714
6684374
7053026
6847579
7539441
6870620
6914141
6466127
7500400
6969823
7746808
9804474
6963423
7024225
7598964
6476367
7144549
6885980
6459087
6746455
-----------CASO 6-----------
6401485
6768857
7403117
6857819
6308681
6571730
6440526
7170150
6754776
6400205
6880860
7350635
6782937
6688214
10657621
6325322
7832571
8729239
6957023
6331723
-----------CASO 7-----------
6413005
8291466
6769497
6571090
11270760
8163462
16872220
6958943
22811610
11833979
6277321
6717655
7298154
6208839
6103235
6189638
6201798
6846939
6583891
6375884
-----------CASO 8-----------
6179398
6752856
7526641
7462639
6491087
6327882
6135236
6171078
6019393
6389325
6249800
6430286
6764377
6678614
5822906
6812378
5868348
5915709
6687574
6054594
-----------CASO 9-----------
6268361
6496848
6343243
6001472
6169157
8687638
6581970
7357035
6469327
8237704
6062914
5870908
6119876
6660693
6471247
6204998
6104515
6484687
22550482
6064834
-----------CASO 10-----------
6140997
6620372
6425806
6601811
5824186
6291402
6030913
5971391
5747384
6102595
6229959
5810106
6204358
6125636
10760025
6354764
6023233
6325323
6393165
6194118
