-----------CASO 1-----------
405133
297609
268808
305929
412813
456335
353292
318090
371852
389772
-----------CASO 2-----------
362252
391692
291850
453134
289289
291850
354571
412173
307850
330250
-----------CASO 3-----------
300170
305930
346892
687382
436494
283529
323210
255368
309770
337291
-----------CASO 4-----------
362892
262408
542738
348171
357132
522256
368011
284169
844827
331530
-----------CASO 5-----------
331531
316811
263048
442255
518417
247688
273929
321290
263688
711062
-----------CASO 6-----------
302730
375052
334730
725143
560658
382093
238088
247688
269448
241288
-----------CASO 7-----------
232967
231048
290570
232328
298249
281609
232327
544657
268169
279689
-----------CASO 8-----------
297609
325771
338571
333451
247048
279049
283529
291209
225287
412813
-----------CASO 9-----------
288650
275209
242568
275849
268168
227207
331531
355211
232967
215687
-----------CASO 10-----------
293769
358411
241288
236168
286729
243848
371212
628500
222087
218887
