-----------CASO 1-----------
224647
273929
199687
187526
257288
311050
256648
360332
233608
473615
-----------CASO 2-----------
183686
213767
232968
407053
219527
184326
321931
220807
234248
232967
-----------CASO 3-----------
359691
190726
304650
282249
327691
216967
638100
190726
173445
268809
-----------CASO 4-----------
394252
365451
276488
249608
336011
318730
279048
222728
339211
314890
-----------CASO 5-----------
209927
279049
289929
224647
384652
211207
268168
414733
175366
254728
-----------CASO 6-----------
258568
209287
300170
411533
341131
229128
215046
177925
192006
181766
-----------CASO 7-----------
193926
195206
183686
203527
311050
229768
190086
2566482
231047
228488
-----------CASO 8-----------
273929
371211
279049
652181
230408
257929
170885
206087
193926
424973
-----------CASO 9-----------
267529
243208
177926
222727
229127
197766
243848
330891
171525
313610
-----------CASO 10-----------
405133
435214
186886
188167
245128
368652
216327
498576
192006
184326
