-----------CASO 1-----------
47835672
53317906
52110867
57599926
103007441
89536312
57008141
63291226
48738498
55967928
69164285
75659850
48912150
52691132
49632790
56623288
50324842
52619453
50660629
54324837
104082213
52622866
52744466
58575285
53426278
57172407
48636951
49290177
53273959
53739024
54661476
73245346
102672082
59711497
51215294
56851554
48836631
50827454
56758967
565579649
49031190
53896891
100906538
56179555
48648471
53551718
87876581
49298710
63822851
51663294
53509051
54349584
48379671
57364833
52701372
53980944
53249212
104229840
152211432
49822229
56766647
45933168
54497211
151619646
132894976
101858430
57287180
56724834
54503184
50156310
119257874
56743607
50870548
73521400
77923740
52180413
52575079
55661155
59110324
53603771
-----------CASO 2-----------
54343184
58587232
49390017
58935818
53301265
50260842
130843140
248895682
52421480
53447185
53493692
50520682
52603666
50253163
56255074
91922229
59002377
57171980
53328145
51314708
50638015
46490394
85791890
61189468
54366651
49853803
58837258
53072572
50409749
205119737
48569964
50506602
82573974
54000145
51148734
49858922
63477252
49282071
48434712
93972360
52911719
48116845
109910473
50869269
50353003
50462228
96173530
117943316
57706593
51502868
64588290
50860308
56473101
47713219
135820626
138784249
166130987
91555722
55803235
84927465
52197480
51746921
81252162
85532904
57388300
50811668
50330389
46097434
49952789
55967075
125732959
50053056
50513002
51409428
52952679
50946069
54907663
49578603
51113321
132406444
-----------CASO 3-----------
57734753
67056981
51185001
55312995
47042500
116202092
58640565
54652090
65851223
48008898
53404092
144112882
56561847
48169325
53460838
133911295
289146083
161996592
51967933
49555563
54666170
53229159
86537276
53934864
90327351
49442497
68229033
60596403
48768364
54907236
54874810
47231512
53517585
50566762
50574442
54010811
50070123
130121221
58968245
289975949
121433872
52195773
118314088
117186837
52370706
103734907
49718123
46153754
48583192
53575611
48754284
49336257
95856090
53311505
51274601
50692628
52517479
77405341
54319717
48559725
49160470
47496899
60588296
99586006
95341532
58806965
54691344
46498500
55464462
52253373
56317794
105569998
335084371
54707130
52773052
92898441
96310490
51241322
50133696
49505643
-----------CASO 4-----------
60604083
50506176
54703290
50202816
109315273
50344468
47679512
54131131
70859002
49668203
48529432
63335598
83471253
55903929
101666856
55802382
59762271
59560884
55609529
56371982
49261591
46213914
46334661
53795771
50707561
58677685
69974523
53454438
52232040
51634281
50296682
100408192
52101480
70804816
53270972
52136894
57931872
50994708
50484415
48735084
121645071
58188299
58983177
439991757
57357580
64450904
55714915
50750228
54838116
53476198
53878118
56656141
52558440
101241044
55410275
63616345
53616571
59932509
57875552
145334427
50234389
55468302
53336252
52261907
52259773
50745108
49254763
53302545
48826391
49317911
84065172
56415074
90754017
150620394
83924372
47622339
78884166
51368040
99253633
55150863
-----------CASO 5-----------
51670547
56834487
64301144
67472127
51649641
52117694
48324205
49768043
51818173
54377317
52203453
53733905
52862226
63990959
48653164
54785636
52630546
62547973
50485695
53002599
48878018
54387557
68953085
121802511
56656568
49742870
121363045
54891023
49317484
51225108
55221689
46798873
52456467
131951191
51357374
50189162
60234163
57151074
55039930
113014042
277649991
106614050
105048185
96165423
51810920
49987350
47577966
53143398
103172561
50455402
53926331
121109605
57925900
60697949
101015338
59311711
59518644
68758952
59375711
56348941
103869307
56394594
46492527
54275343
55222969
58168246
52058387
55011769
62624347
52043453
79314672
52846013
49632363
82424642
115323586
50712255
57634913
62430213
167899092
78384539
-----------CASO 6-----------
550973588
58037259
57592673
58299232
48205591
48281965
53256892
58327392
56629260
55850595
54359397
49772736
51516521
116413718
57514593
65204397
73028600
52487613
47862552
56858381
83196480
239146361
56925367
102179283
51843774
48005059
45912261
55784036
50337216
48137752
55496889
47655619
53997584
56481208
53452731
52765799
57895606
53233852
54632890
73510733
127120904
74242038
59385097
51571134
54422970
68224766
110351646
77762461
53921211
54390970
51665000
50975082
51935933
50753215
101759016
11535346
58519392
80266138
98223234
50453268
51171347
51277588
54339344
50754921
129837061
51369321
48496578
68994898
49232577
53417318
55562169
54235664
51871507
47891139
52152680
50439616
52717160
56349795
48401432
50813375
-----------CASO 7-----------
48667245
78950299
90705377
48109592
49221910
52154813
51448254
132116311
85331091
53189479
140119714
52111720
60959495
62039387
49462123
55374436
58494218
59873630
54170810
61943814
70487803
73530359
52624999
60089523
51563454
55131236
53720678
63495172
53643452
62141787
196832601
196702041
52334440
60455176
50801001
55979022
266768725
250703892
48369005
53513318
142203978
63862958
51843347
139104249
52690279
51153855
52237586
48543084
51957693
55563449
53038012
53913105
49692097
51842067
49921217
48997911
50497215
127190877
79020699
151467326
50510869
51390227
111640177
50445162
61092615
51141908
52094653
138890916
53172412
162180485
46812527
52567399
49914389
53568359
16843925
54768143
93789747
112250736
87587728
52854973
-----------CASO 8-----------
52432573
48787564
64089092
55300623
62205787
130407940
58574005
181531501
123029176
47193113
128433756
51293374
58774111
51489641
55900941
47583939
90529590
58361525
49149377
51748627
50798442
49448470
64077571
54071825
55867662
82617494
85763730
51379561
50902549
49116951
53744144
49466390
59733683
257625697
290042509
51094548
82644374
103961893
50392683
134907987
59524190
49817963
54017638
109389940
113652335
87174715
91254496
62907653
70386683
85967677
71994788
53223185
55965795
63829679
55173050
52888679
59063391
263284143
264885848
61015389
66530048
48673217
54678970
47431619
57056354
49797483
52193640
52983399
54492090
56827661
65891329
171493327
171058128
47442286
128308316
123940108
124693601
112799002
112573722
61839707
-----------CASO 9-----------
113007642
49711723
55970915
59415391
84066879
72191908
111492124
107185783
99696939
109396767
50336362
54227557
51305321
54061585
60166323
62775386
75332170
82350401
71650041
74717345
48466711
58891018
78693019
70423377
94227932
50766015
59866803
71726841
128965382
135512573
124912907
123284322
52964626
48319511
58366218
49750123
85308477
128406022
63680345
81635735
49025644
51334760
45852101
51225107
52145426
48131778
150401088
133198763
48310978
54445584
49283777
57310219
46792047
49026497
76981235
50255295
50004416
51078761
52031506
50177216
51634281
105736397
49085804
56038328
46469914
56776034
48874178
48815298
55941901
55726435
49884523
102396029
52942012
95253211
50929428
93116041
52818705
116540438
318061246
318342420
-----------CASO 10-----------
58272352
112116336
114727534
50137536
59214858
114806893
59097951
54041104
58665738
101213737
50988308
50559082
46158448
48498284
51989267
53246225
53256465
50702015
50248043
57808993
47203353
56994914
47046339
51480254
161669766
54921317
56086115
50600042
56849421
54281744
46715247
101693310
56102328
52380946
62600454
59833523
52859239
77406194
51708947
52847293
49866602
54032998
58674272
50438335
101235497
49104577
53885371
53178812
49641750
101092564
49041857
127384584
128165382
46608580
51473854
46628634
49662230
83842452
51664148
53403665
53410918
52688146
54248891
52220947
51803241
138399396
142439070
126556852
124918027
54807397
60340829
49451883
50695615
51750334
57314913
56606647
53686545
53264999
52144573
135023187
