-----------CASO 1-----------
101293097
105396345
96159877
105328505
106067064
188950799
168443944
148062104
109579379
103794641
300510335
300415188
185071123
171279567
196524122
206841762
115671319
113217989
109610527
112685082
181143661
235734311
142104991
153246950
265356034
264367449
118778728
117783743
114075588
113662575
204664485
204523685
169810556
167859412
109972766
112234096
155056868
181191021
102917415
166097707
111342365
105022159
106706210
169275517
111853510
177354867
112415856
106389197
104392400
157016545
109808500
171722020
96250757
106725410
104626213
135156734
128967942
220484411
198504279
121812324
105118159
123785655
139544994
119414034
237140176
111317617
151419966
132483671
121558458
140587767
108841674
122101177
111167431
300285909
337299622
165626668
159343583
100767445
103662374
110080286
-----------CASO 2-----------
239943372
103971707
107559969
153238417
147531758
115821078
106098211
514382702
224344886
101550377
112049350
106570104
123442616
98497154
104160293
108878794
107120076
125060960
140918433
110278685
171217700
104749946
363320708
323457293
130985219
125418933
129781168
134862335
113290522
107279223
100286592
112902255
169464956
181795181
109526899
111516444
108179915
126850398
111588124
106105891
205011364
106641357
108790047
106649890
130023087
146073413
105183012
121047739
216743830
194882311
113649774
104328827
127323571
120854459
159652915
333535146
207204001
268185257
107730635
107048397
102850429
100761471
105751758
109580233
123054349
113990681
97701848
99822379
131276632
101282430
153356604
254481595
104051920
109052874
107692662
102842322
131493378
109636980
133805909
155735694
-----------CASO 3-----------
154921615
193555806
119755366
114249240
110400285
101698003
153694096
149205569
168569384
178345159
105765411
101215017
99888939
131604312
115522412
111335964
608497142
671029328
128667996
156507960
104319014
102065789
126656265
154709988
173403511
229734959
182691607
120053606
100188458
106069624
163840644
241420064
98630700
109795273
157579318
102780882
101319551
115793772
206041763
175430602
321072655
131483992
103530961
102557735
220688357
100915497
191965621
243548702
106941730
155967801
96228570
104151760
141598965
154084496
102760828
120579259
104549413
98480940
109447113
117110890
105791865
111060765
101197097
105807225
148136770
184273258
136555772
182858006
188083385
117696276
115439639
159032544
313659759
109361780
115610305
174694603
171146874
100967977
106943863
101907497
-----------CASO 4-----------
373068749
262363398
103222055
106231757
111513884
169067731
99353899
106554317
175491615
197257987
112600176
109562739
256209165
275079755
106088398
169229864
116349718
114488601
119730194
116076652
112256283
135015081
103582161
110818845
113506414
156148707
130148526
128681649
112831856
117043050
168519891
103749413
106374690
187057680
120986725
104945359
124540001
174379297
108965407
125426186
115940118
173025912
164375683
202185554
238317349
113358788
117817022
177653532
107566796
108488822
172943566
104834426
139896994
113433028
155486521
211846982
286067261
162325552
124649654
113436868
113954841
112530629
117021717
106345677
109501727
105171065
160881715
100565204
103879973
99717419
170085329
111690524
160045021
133043883
106193358
160716168
112908229
154623802
107038583
149759809
-----------CASO 5-----------
170193276
173963725
103996454
108660341
127035998
124857013
110710045
107561676
168630824
125604959
117011477
109084874
205154724
104720932
107484023
172208847
122587150
121674511
195103323
112636016
143494643
106822264
112204656
129661700
116151745
109401033
110546205
149357035
113157828
101474003
108302368
106600823
105203919
117007637
115808279
106111437
120007953
107421302
150411754
115856492
193589512
412652698
462302128
162212059
99024940
111142257
96223024
105610105
99181527
194554631
114997186
107294156
103906854
126548318
233254528
286818619
115161879
114496707
146187333
147620077
116598891
167012053
171535140
421989860
162996698
174632310
126186505
113820867
102877735
112865135
120302779
113960814
110681884
128746929
145709467
209768265
111468231
169718396
412589979
246032752
-----------CASO 6-----------
317821460
129285381
98716887
104644986
118275262
105972345
127597063
105861838
119802300
124582667
172982392
113934361
112828016
107859062
190752182
259706121
147079065
130551300
106964770
134950227
113879321
121918137
376356638
125479092
174496630
113451802
107984502
200856063
209848478
109500874
104672720
119639314
113011056
193870686
163338884
169211090
187733093
118677182
118342676
151160126
116116331
124245174
144618055
104828452
129483354
116050625
136825425
169086077
127187038
134525268
118905021
102616615
108789194
157507212
108377888
739855266
217269482
115731478
143020190
131032153
106679756
109183007
118225342
117613076
124870241
152158099
106993357
108020769
175233056
113051589
110684445
104985892
110630685
108620234
169981222
101497470
104982906
106052131
140797260
152476391
-----------CASO 7-----------
179594437
160915420
243532488
228949893
177755932
149601942
111721670
113109616
170330662
106729676
110358899
109643379
108305354
102451496
109697139
414929815
127576584
119620540
196035162
158150625
104573733
124392800
116319851
121099791
109233780
108285728
110201459
112665456
181424835
188112826
128146183
129345968
223937846
229920559
134174548
114735640
317772820
376351945
113408282
103600934
107364982
119485287
115489132
115974678
342891508
107941835
109418527
118386195
182293100
124828427
101136937
115547585
176052682
109514526
110931485
105968077
116602731
112167963
96825902
140534860
236063698
104796452
150982634
184754963
112935963
103451601
197110787
113478682
213288687
100142379
102826535
105798691
109057140
109952712
525057888
487491216
155201508
180796782
175110176
185355283
-----------CASO 8-----------
108695754
130910553
215218924
114719853
109528180
106936183
161202567
275508554
414803522
179300464
114052974
106785996
107812129
105108345
108603594
105062265
102166056
109160820
109803806
115504918
104261840
103245521
102082429
126992051
124135947
158945930
159245449
101340031
108200395
103710161
113200922
126130185
118884115
329885872
408343370
105119012
107672608
145795227
235747112
118832915
201485822
172159353
148429036
106182264
106282104
106167331
114726680
114611480
113915588
170961274
228232668
144206749
118367849
109708660
117877183
107521569
105726158
440732449
312334107
115402519
121000379
155529187
148361197
166832000
159824862
201035263
204594511
117410410
114690413
173619405
173379618
109274314
105904505
99033473
111243805
179660144
186064829
106844450
104228560
243411315
-----------CASO 9-----------
99600086
196219482
110244126
124401334
217929535
307581473
164379096
199943851
109739379
150842261
111059058
112071537
115936705
115615852
100199552
113427481
115574039
101788457
385962600
386536039
101014057
100455978
183676352
104566906
106986956
158118624
110889671
105225252
111903430
103449895
297926445
288572644
127358557
131827885
213571140
165213228
157245666
165377068
100661205
122881549
108037835
109009354
107561250
119604327
97684355
112063857
152866791
206736376
140563447
117737662
98645634
114389614
172870605
104849359
104790053
139323981
131416152
101965523
106857676
141214966
105447972
173486712
238572921
103011708
120524646
104018640
134912254
187575654
119152061
155081615
247651950
106815437
170450982
230530265
113794841
174421537
170808528
610697458
265725100
431116248
-----------CASO 10-----------
124125281
145245680
195784710
115617132
150131434
111884230
163070084
106549197
113821294
185212776
159564169
140028834
113905348
99940566
98439980
104006267
107850955
104645412
116147052
118934461
109855433
140880460
106600824
205138084
114538094
104511440
102478802
116043798
106671223
196943535
121968911
108269514
166931413
108280608
120036967
109062687
104695759
101745363
145307121
112547696
147030852
102053416
113476975
101952723
105463758
103453308
102659709
104313040
103772027
99856086
148437143
121620325
103104294
101084884
101052884
114070894
105235492
109066101
155183588
130451886
108997407
118461715
112360816
222744035
239747106
116473024
111222044
103481894
103095761
311632668
306767821
106709197
104536613
108161142
108275488
102391762
101855870
105812771
111342365
147539865
