-----------CASO 1-----------
920350
2588243
754584
2389197
1176998
853147
521617
867868
426894
576659
488976
1107235
748824
444814
469775
456335
918429
458895
374412
835226
-----------CASO 2-----------
433934
450574
323210
611219
1889341
392332
494735
431374
421773
425614
6407245
356492
371852
341771
362892
402573
702103
880029
391692
439054
-----------CASO 3-----------
850587
452495
433293
634900
321930
291849
437134
280969
299529
448655
386572
368652
307210
1404845
467215
1356844
440334
360972
412173
327050
-----------CASO 4-----------
431374
475535
391052
727703
417933
737944
298889
487055
375052
337291
360331
344331
8032257
320010
307850
343051
310410
388493
308489
387852
-----------CASO 5-----------
294409
384652
322571
327051
380812
348811
839067
376972
370572
317450
375052
694422
307850
367372
379532
276489
361612
328330
331531
902429
-----------CASO 6-----------
860187
375692
416014
592659
278409
295050
361611
260489
332171
355852
263049
458254
300169
4099971
320011
296330
494096
542097
380813
462735
-----------CASO 7-----------
382092
336651
718743
366732
361612
344971
429453
323210
322571
771224
380812
314250
300170
337931
542738
439054
316170
288650
411533
352012
-----------CASO 8-----------
341131
270728
350091
579858
529937
380172
333450
342411
330890
289290
501776
397453
482575
396812
277769
293130
318090
341771
353291
341771
-----------CASO 9-----------
309130
334731
291849
417933
389132
384013
277129
636180
310410
544658
291849
318091
341131
387212
287370
614420
1129636
505616
241928
287369
-----------CASO 10-----------
368012
362252
323210
257288
9028129
345611
262408
353931
364171
273289
382732
341771
303369
357131
275208
348171
284809
376332
318090
328971
