-----------CASO 1-----------
1342123
6213319
1330602
1559730
933790
654741
1085475
365451
494095
2156869
770584
380173
379533
433934
509457
471695
1131556
1729976
334091
864668
-----------CASO 2-----------
357772
252808
313610
753304
749464
415373
457614
497296
983072
497296
542738
259848
311050
288649
496016
250888
325131
604179
636181
239367
-----------CASO 3-----------
651541
300810
417294
702743
339211
247048
393612
230407
279049
360331
359051
215047
236168
389132
428813
854428
354572
325770
340491
271369
-----------CASO 4-----------
627860
556177
692502
316170
364171
352651
206087
618900
344331
248968
205447
208006
211207
262408
238728
250888
241928
366092
487056
290570
-----------CASO 5-----------
204166
291849
213127
282889
309130
289289
762264
349451
310410
213127
221447
671381
204166
341131
246408
215687
332811
215047
202886
239368
-----------CASO 6-----------
853147
337291
325770
205447
239368
205447
274568
269448
212486
568338
225927
241928
325130
192006
266249
268168
203526
417933
330251
556818
-----------CASO 7-----------
342411
314890
363532
232327
227847
188806
327690
266889
316810
463375
254728
519056
187526
270729
235528
687382
238088
231688
245128
324491
-----------CASO 8-----------
243848
205446
491535
806425
1008032
475536
204166
439694
505616
218247
504977
435854
355851
265608
225288
188806
340491
197127
246408
261129
-----------CASO 9-----------
217607
272008
199046
381452
320651
307850
196486
500496
273929
327691
230408
189446
291209
190086
262408
272648
816666
190727
197766
293130
-----------CASO 10-----------
245768
369292
203526
202247
616340
270729
210567
187527
242567
191366
407053
386572
251528
185606
185606
256648
243208
263049
280969
226568
