-----------CASO 1-----------
83746453
51006654
52774333
65973249
77553821
50256149
79676912
68947965
75873183
65843116
91180684
102010749
56581901
63534852
52498707
56946700
69659218
94815878
59650483
52032787
52930066
52211986
49643883
58400779
80880536
69020925
58580405
94974171
73761186
61599068
59005365
49540204
66480982
53405372
68778152
56695820
76745289
60404403
77800860
63705945
63746905
72691960
83055680
66124289
66097409
66733142
53750972
56513207
92293855
63797679
53334119
64567384
93257267
66125569
82000108
84436799
60383496
79786138
54559504
56144142
48313538
48977858
61888348
59621044
107231009
52183400
54008251
57467660
53669904
57082807
50548416
51411134
63690158
58227978
48069059
50169962
54668730
58792031
47611246
54128144
51784467
57461686
137761957
58579978
52550760
75707209
51911614
56499127
115446466
51123561
56850274
54719930
53603771
58963124
57283767
58830432
49556843
57036727
60855816
54097424
50200683
52857959
128342876
52261907
63627012
52962066
52278973
53880677
58737845
53845264
49343510
107562529
58521098
50759189
50233109
57992886
54421690
58239072
104226427
48277698
54559077
51773800
46727193
48571245
52139453
54949049
49949803
52781585
93249160
51058281
53158332
50291989
60668936
52855399
46484847
49019244
55900515
63311280
51192255
47826285
60192776
49039724
50952042
62298374
47082180
49002177
54690917
57616993
51533161
49743723
53127185
55288250
48581484
54466064
532875265
998838188
548418285
49086657
49073857
48994498
49206550
63728559
50372202
49634070
50912362
92341215
64245251
59183284
49121644
47892845
55161103
52345960
51554921
65943382
51224681
93608413
112365510
53904571
51506280
66730582
64071171
49176257
61920347
51042922
51805800
52608359
63179866
66255702
50881215
60892082
55993528
57393846
55496889
52722279
48712898
46944794
49570497
59798110
79079579
51622761
53054652
55969209
61313628
58280032
52175720
54894436
55115876
53431825
69070418
50831721
56615608
58730165
49296577
49620416
54976356
49378070
51650921
54880783
50805269
56267022
49784683
54293264
49447190
51412841
47379992
54277904
49974549
60254216
66234369
53343505
50368789
50443029
47320686
115284759
50503188
63229359
57364406
52422760
61546587
69002578
58176779
51272041
70970789
50096149
57017100
53774438
60542642
48209431
47339886
51385961
61631921
52054120
50477162
55391076
64272984
62602587
62995973
57915233
51402175
66066689
97485955
59583923
53311505
58940938
54887609
61046535
62269360
63324933
88773860
50368789
48844737
56513208
99069313
57833313
52374546
90412258
56606648
58114059
58137099
51437588
52203879
55603129
48944577
55129103
59004937
51409854
48784151
61852508
53619132
209580532
287517072
56486754
53371665
58678965
51471294
54107237
72270415
80271257
104622373
48675351
54405903
53914811
50659348
59816456
61303388
56216674
54087611
59478537
54707557
60625416
60159923
58263819
62649094
65961302
53014972
54084624
93067827
52707345
48045165
51931240
52421906
53209959
48514071
80221337
47701699
54614544
56790967
50506176
57818379
53035025
50560362
48591298
50822761
48376258
51735827
56110008
86718608
90105484
49358017
56217102
48875884
62250160
49257324
53285905
57506913
63520345
50114496
52893372
49481324
63515652
54747236
55541262
146340506
54235664
48899350
72409507
48672364
54458383
49337111
50216042
62134107
57204833
49442923
51760147
129558021
51083882
51532734
52542653
48430445
54074811
55880888
52149693
48334445
57066167
47652632
52314386
47448259
59779763
50855188
50800149
50069269
48933484
67769513
51891133
59874483
50879935
53276519
50479722
49061057
50070122
51564734
148224663
53910544
77463367
54864996
61865307
57909259
50986174
47685485
48793538
-----------CASO 2-----------
55718755
56676621
49820096
51593320
71124388
127237384
54345744
56201742
66509994
70525350
52716733
53803451
53644731
58802698
52574652
59634697
73094306
77983047
69650257
64145411
60947549
67369301
70490363
57167287
56367287
53251771
60112563
68751698
51210601
56884834
50693055
60533256
53593531
55814755
53872144
52462866
49636203
54672997
62707120
76615155
62674693
61822214
54811663
59321524
315045996
379971354
59570697
64092079
92587402
59598430
52863933
56707341
55219129
54813370
58568031
59504991
59708084
52986386
51401747
50391402
47358659
52177427
52345533
49440363
48626284
61383601
52060947
54077797
53837584
59737951
59095391
65467223
56005049
54163984
53258599
48554605
55468729
51592894
58562485
49659243
51390654
47562606
62320987
51211455
140226380
51206334
60133470
48019565
47198233
55706808
50403348
58291979
49870870
50047082
46965273
53110545
57858913
49025217
47524206
82055575
51492628
51926973
48760685
57781260
50317589
123120055
51405161
50798015
51656041
59118004
51854440
50186602
61215495
71917988
150017942
47247727
53370385
62121734
48292632
50824468
52159507
45398129
49707883
51739667
48092952
58718218
51265641
50233109
53225319
52241853
73120333
55091130
52483346
63722585
49006017
90725858
255405753
47537432
66671274
49361430
67859966
46818073
63949998
51142335
56599395
63175172
65592236
59481097
57919073
64620291
49584577
102222375
57733046
52412520
55076623
62813787
53293585
52942012
50268095
49772310
52688146
57675019
52760679
72968867
58668298
67450367
72051107
56295608
58329525
67712340
89739832
48886977
49869589
46117061
55380836
58087178
58323979
100388138
111651271
60169310
79917125
70264656
59915870
77372488
50909801
56949260
49016684
126267145
52029373
59342857
49974123
49969856
49148523
50870548
58097846
81091309
49458283
48965058
56721847
55477689
49938283
48351085
49950656
50772415
80632644
56721847
48880151
47672259
54249318
53623825
63503278
51167507
49777003
87617168
61663495
48657857
63662425
92439775
101912616
80936430
48763244
59713630
126067466
55732409
54710117
50432363
50358549
57360140
54200677
56927927
56921527
49941696
49443777
46948206
51811347
59102644
66318849
55202916
56019129
51078761
55105209
52360893
176618014
55972622
49305963
64892503
49820096
55189263
56005049
47467032
57909686
61597787
57634060
51340734
51489214
49479190
53504358
49574336
50157162
50153749
49509483
82908481
49925056
56347662
51420947
71393615
57096460
56889101
49148524
56720994
56579767
57171554
59066805
49965162
47038660
117535850
50961855
53239398
49285057
117407850
62541146
54030438
49745003
55664569
50411882
55630436
77093875
55922702
81897709
53483878
49742017
57580299
48065645
47685912
51502014
47150446
47900525
50240362
48597698
58833418
46079088
57236407
60360456
55497742
50449856
256879884
91929482
58359818
46290287
55328782
47699566
51630440
105436452
50054336
49345217
52016574
56708621
48111299
58794592
52291346
95455024
58457098
55230222
54675557
53394705
51078334
59541257
48361325
77392541
51599721
51521641
49340524
50667029
49544896
50798868
69339644
50495509
51564307
138332410
55030970
50390975
49122924
121479524
57703179
50620522
51155135
48270444
51967933
50443028
52667239
59962804
57154487
53599078
49195030
47144900
59894110
51126121
53682705
108629621
50129856
46752366
51518227
49336683
97079343
50912788
51068521
55100089
113239322
53870865
51822014
51212734
53401531
50431935
54515984
52614759
48336152
63243439
56453474
51521214
51417961
47767405
48501271
55064676
51928254
46641007
50071403
52828092
52633532
51276307
51971347
103726801
113296068
87248102
50575722
52601959
49608896
52603239
56092515
47929112
47149593
-----------CASO 3-----------
56997047
48697111
65350316
63350959
51818174
67798953
61637468
54566330
58987871
53631078
57136140
53791078
49702763
62982319
66237782
47699992
53794491
61525255
62458800
61272668
59128671
62535600
60680883
86445543
62197681
161495260
71690575
51444840
51131668
61523974
53509052
54478437
64661677
53708732
50548842
55183716
49670337
88976953
49999296
57564939
60697096
66612822
76231155
63132933
63153413
69734311
55455502
59067231
55622755
50430655
68654845
67864233
54937956
62728453
71646202
54704143
56783714
55835662
52758120
52447933
54595770
52328466
52589586
49899883
52004200
50719082
54081211
54697743
56130061
52917692
48370711
52025960
50812948
47552365
53910545
49577749
80369817
64191064
60118109
48342125
52097214
57683553
49576896
64635650
48365592
50849214
48106605
59624884
62945626
50323989
51791293
56217528
65456556
56272568
52727826
52862225
54780943
49269697
57373793
54186171
59028831
49857643
53315771
60048137
56263181
52338280
57932299
51952574
55120142
50146069
102843175
68101886
54494223
51216574
52269587
49831616
48482925
49006017
49009004
102180136
56008461
46814234
49043137
54268944
50621802
56855821
50271082
54584250
48152685
54757904
48796950
49294870
52198760
52440680
55105210
47541699
49602923
55828409
49252204
53237265
47220846
57825633
48180845
57451446
107769035
58786911
54758330
53549585
51533587
54448570
52448786
64178691
52550759
59651763
48967617
53557691
51835240
74024865
55551929
52332733
59111604
49939137
52007187
50974228
51847187
63051012
63888132
52020413
57675873
162934405
50537749
54955876
52499560
52242280
50312042
52167613
69504338
59901363
56549901
53975397
47829699
97235929
64234157
45160049
51098815
61031602
609526686
50567188
50280469
58789472
489317347
501645864
54093584
61975387
51633854
538470991
51958973
51227668
52051987
490419852
16858005
55946168
50201536
53643452
55129103
69808124
82762560
57753099
52478226
50325696
110914845
109251701
154132709
52442386
67078314
55380409
57562806
58624778
49794923
110015006
52352359
57988619
62463494
51486654
62897413
56083555
51398761
48194925
53655825
55384249
52828946
52361747
126488584
110579485
61568774
53456998
53134865
54169958
53801318
52008467
59908190
47295939
49159617
53774012
52368573
47033966
53012412
49433536
52805052
57846539
54571023
61729201
56296035
50817642
70869670
55508836
58664459
52658280
76385609
152708924
80357444
49157057
52479933
51626601
57870859
51716201
53039293
53407505
49008577
53776571
60957362
54006117
51945320
61472775
53834598
57340513
60078857
55858275
57971126
48689004
86884582
51689748
55432462
58531338
54140944
100042539
51859987
54758330
49884096
58374752
146638318
55969635
68365993
70946469
62005681
60769203
58070539
49032044
51826281
53177532
52698813
51473427
52530707
54846223
53252626
55555343
55540409
48100632
66948608
55810062
49801750
58369632
58647819
63721305
70169510
55404729
161261020
50345749
50049216
51516094
79398298
56506381
49472790
52160786
51228095
53884518
57049526
50227563
56290061
50578282
53349479
56801634
59429044
51843773
56907021
67804927
53780411
54985316
88188047
49008150
58280032
51561320
51410280
54308197
49608470
46907674
52884839
53786384
53786811
94256519
50460522
50280896
51903507
60060083
53259879
55097103
57023927
56790540
57837153
57831606
50885481
51797267
51777214
55973902
58682378
52592573
450853396
458175840
53364412
51605268
55708088
57184353
55369316
50828308
53672891
53057212
55783609
98843607
56211555
52756413
50056469
60508083
50366655
54178064
54631610
53829477
57701047
51583934
60781575
61247922
49006017
57153207
52319933
52970599
56947980
53304679
51683347
56249527
144431601
54634596
-----------CASO 4-----------
67225514
62859440
68101459
71961507
59049737
59747763
67026261
54643130
71384229
59547657
62786906
55817742
50546709
58698165
64718850
93969800
56198755
64983384
64424025
76706889
75376116
56924087
55464036
58063285
68476926
59439711
57715979
64742317
58152459
57555127
67056555
102174589
79522032
76744862
52433426
53698918
50705855
62736133
63178159
56645048
81478296
70215590
53794492
54713957
51293801
50681962
59345844
62692186
61800028
55764835
61916081
75681609
88673593
99983659
68944979
57526966
87888527
69666044
125023414
100624085
57818379
57548726
53995450
56198328
55991395
53546598
48317805
47746925
48692417
46885487
50611135
55423502
49888362
55222543
53935291
57704459
56638221
56871608
53569211
63779332
49346924
58286006
55297209
53943398
62299654
58257419
51782760
51779347
51338175
57209100
54586383
61753521
48462445
52467987
51801107
54290703
50490388
52545639
55740089
54930704
58600885
121932644
53523131
55407289
58096139
52593852
52159506
51109908
49395563
50861161
82480961
53172839
56268301
54680676
51266068
55739235
55014756
50474176
52438973
48521751
55349262
50385855
53661798
52204306
52349799
57317473
61116509
53982224
52835773
48375404
60356616
65726209
50294549
63364186
66603861
57428833
53822225
52643346
52705640
53113532
52612626
153501243
155723747
57053794
54612837
78277446
86297062
54458383
56247821
49623830
51315988
55786595
58669151
58115766
49556843
50006549
56598114
53987771
55024143
53192465
49386176
59277578
51648360
55316836
55413689
61347335
103048401
60251230
73615266
51490494
51807507
54082064
54861583
58978058
47682925
50223723
55934648
50090603
53363985
53996305
153474790
47525059
50889748
49439083
61294855
56857100
59760991
48412952
75487050
111024924
49463830
65707436
66585941
54608996
51435028
52978279
53090919
108653088
108720927
47645379
60404829
78142193
73843532
56972727
56036194
76145396
76173982
55273316
53667771
57429260
57449739
47802392
53480465
157650998
141660832
49158763
81007683
57232140
51572840
55849742
51694441
50513002
53185639
51637267
54275770
53104998
50782229
51487080
48014445
48911297
51551081
54192144
48623298
79584751
55500302
52539239
48953111
51615507
78306033
50399082
55637262
51341588
51225108
50971241
48822978
56686861
81410029
56345954
60503816
62200667
62132827
54716943
53714705
53558118
53830757
8183456
69761617
59163231
50271936
62431920
47982446
47004953
54756197
48790550
56874167
75595850
71641935
49910123
58553525
56516194
53710011
47736685
52284946
52278120
58039393
60040029
59615497
58550965
59234057
53551718
55568569
50770709
51644948
50114496
51823293
54245904
54715237
58518112
51669268
72404387
61853788
52159507
49077271
67085994
56751287
63147439
50518122
47681645
56901474
51574120
50583402
52811026
54120891
53667345
51904360
83442666
51107775
48316951
62260400
67860820
49359723
49946816
48675351
53032466
48949270
50281749
51803667
50521535
52935612
52705213
59969203
47671406
59472137
52654866
55480249
52465852
52525586
50377749
53502652
53061053
52622866
57105420
48148845
165703895
56910007
63835224
52382226
48063939
49044417
54405903
67836500
57654112
52344253
69250045
50835988
55877902
53085799
58995978
51737534
47298499
49128044
56923660
51554068
51053588
51891560
52018281
50809108
57909686
57714700
63739225
68894205
50648682
53067026
56947553
50958441
48516205
51825853
74051745
69295698
86161809
78479259
54940090
55522062
56162061
59703816
49564097
202150994
48607511
55067663
71637242
70168230
55689315
55324089
48678764
52190226
57918645
55305742
81679682
78476273
60376242
49883669
53720678
55928675
66300502
70445137
56188515
53776997
55128250
493764061
524781835
-----------CASO 5-----------
66147756
59263924
59843763
74802678
55049743
57743286
51747774
63725145
69919057
62011654
47701699
64857517
49356737
134797054
58328672
56945421
53703184
53708731
52715026
62214747
60894216
55657742
58420405
59731977
55749476
58897418
83717013
50713962
52606653
96002864
69527805
58725045
55752462
58725045
53069159
55658169
50988735
77679260
60331443
52738920
48873751
51799827
53489425
126485171
58258272
51684200
54792890
52748306
57668193
58579979
55801955
84558398
52848999
57110541
53147665
54705850
54433637
52008467
52128787
65628502
54582971
48664685
46961433
113691161
57759926
52185533
51547667
53101585
57554700
49200577
47442286
53349052
51147028
75785289
48582338
50412735
48798658
52607080
133615189
57333260
53721958
55868515
48589591
49619990
50810389
49733910
52561426
50271509
70189991
47718765
51185001
58094432
52832786
50169536
49184364
102722429
104551546
48767084
51259668
195891802
199271851
53799611
55186702
49310657
51849321
51173908
107330849
50422122
68806738
90869217
90375565
51477694
54318437
51719614
50996414
60460296
64971864
105337465
51667133
52685586
47552366
51655187
78103366
86780049
54208784
50547988
73142093
49664790
49823083
58460085
54165264
49764630
58337205
53821798
55485369
54587237
71359909
69159165
92068576
56671501
67290367
65774422
57557687
53247079
48767084
46914500
61911387
65921623
48085699
48353645
52094653
59968349
53716838
129628421
128392796
60728669
53760358
55605262
53352465
53025213
51694867
49790230
50364095
123240376
57359713
51426495
59414110
56058809
53971131
50081642
121919843
53576892
49090071
55455929
52819986
50373909
49329004
56220941
49892203
157269986
49808576
67254953
54806543
53747984
51948734
53468092
73962145
54093584
54641850
54792463
59787017
52676625
48869057
54315450
56679181
46994713
115848385
176773747
53918224
52295186
51965800
52887399
62017627
47741806
57721953
53257319
54242491
50702442
55686756
53987771
51051882
124449548
54373477
55080889
57063180
52223933
153415057
55578383
58849205
51699987
97093422
133749589
58181899
63774639
53961318
63007920
49632363
62357254
51516947
54793743
65164289
78411420
51791720
49138711
69618257
65665196
66943914
79100485
47943192
46265114
52352786
50689642
128464476
125668532
50337642
55270330
51056574
55594595
52784999
56742327
55432036
51415827
54010811
58502752
56260621
55381262
96457263
85680530
49398977
55544675
48979138
57020087
70972069
66021035
132079191
127510024
62578266
60966748
52363880
52153960
59004511
59255818
91353057
91865909
49730070
50507455
61340935
57052087
53807291
52056254
55440569
55908622
60867762
59175177
54540730
57782113
52930492
57704033
57792779
63260506
54021051
65748396
52579773
57010701
50200256
189022478
54445583
53175825
53471931
97627609
117866943
52454760
73707426
61989894
57164300
58472032
89789752
51394067
65088770
64648877
50732308
57944246
53555558
63359065
51732414
57044407
46820207
161465820
55205050
46812100
51563454
68053246
47284420
59955550
49343510
57951073
54195557
50939242
51206334
61344348
57789793
48957377
46868847
55856996
62996826
56688994
113255535
55584356
67091967
63137625
55449102
49749270
51839080
50698175
52714172
54932836
127563357
48613484
50532629
51608254
78322673
53003452
57141260
61989040
60230323
56002061
55321956
49102017
52558439
52965479
46952900
51470867
49609750
56549474
54704570
51455507
52386067
55720889
57665633
53570918
147906370
54929850
53273531
60886963
50018923
55971768
59247284
51653054
49944256
57687820
47480259
54429371
52836199
54236090
56941154
57411767
59370591
59007071
49276097
57217633
49583724
47752899
53784251
59012191
53755665
52202173
56864354
72218787
163809070
51770387
-----------CASO 6-----------
54986596
58771551
53469371
60726109
56480781
58370912
481727383
475400779
90916577
94854278
59783604
59793417
75271157
77646407
58608991
56907873
60637362
58317152
87150821
94705799
58586379
62893146
54699024
69872978
59336031
54492943
53500944
59337310
84467945
58464778
48771778
103516028
59622324
54774543
78556913
76789235
56677047
60167176
48719725
61818375
106232611
55702116
55774648
52792252
75599690
163381978
47818179
50189163
52466706
49480043
47857005
51422227
48494444
53143825
55411130
48615191
56407395
51935080
51730707
50197269
51636840
49803883
53498812
49510336
50275349
92528095
56951394
55835662
56860514
58483126
54719504
48883991
55739662
49109697
51443561
48104472
88195727
53136146
51072788
52679612
47005807
83080854
55518222
51051028
47666285
60409949
96758489
49591830
51948306
56382221
50018496
50113642
61796614
51135081
54906383
53602918
50137110
47902232
54297957
49494123
50148629
51988840
93795293
62656773
73745399
82034242
97990701
257722550
62343174
53552998
46570607
52395880
67591167
59659870
59804084
57680139
59004085
49909696
49504363
53169426
45832048
68297726
49657109
59651337
53474918
52417213
49710870
94241586
51224255
54717370
47536579
49831189
81192430
49265857
46648687
55643662
56319074
54768143
48461165
118622142
60950109
50954175
55372302
51341161
57262860
50214762
50487402
50351722
46434501
53956197
62507013
48274712
51926120
94706226
49351190
50592361
49954922
49147244
53882811
54539451
49083670
55428623
121510244
49065324
50542442
55987555
48409538
55150436
53779131
51808360
48852844
60480350
82571841
76950515
48177432
48510657
49989909
72717986
51011775
54100411
61223601
83186240
55164943
69445457
63839491
56991501
53511612
52026387
46379461
54911503
50472042
58781792
51562600
52163773
57435234
49769323
53816251
66239489
56893794
55350116
56687714
77367368
50284309
64025518
54334651
77718087
56466701
49297857
51590334
63121840
81631043
52730386
54460090
65564076
56412514
106389624
70140924
58232245
53636198
53568358
48900204
48568684
61696348
48851564
165950081
107170423
46814660
52107880
45732634
52970599
118761234
49049111
56023395
49819243
57394273
51352254
48550338
53052945
55912462
49250071
49949802
51447401
113907481
52907452
53711718
52183399
55844622
49138284
52468840
53136999
108810101
50730175
62971653
62692613
55861261
85886610
49747990
51189694
57593527
72286201
61927601
52714599
48064365
67034367
55223396
51854014
57525259
54189584
58884192
128297649
103789948
60204723
64566531
52667666
52980839
46953327
52955238
52360466
53875558
48336578
49025644
64674477
56096355
56391182
99730646
48488898
49055510
46937540
50010390
62733146
48496578
53996731
54591504
48827670
61110535
50869268
48825111
56954381
48844737
49197164
48945004
55187983
50994708
50903828
49673323
47553646
58178485
54351717
59502857
56651874
61123335
51662440
51882174
52626706
53184785
55187983
53374225
49634924
56419768
65613143
58458805
54302650
52963772
62727173
62718213
67128660
70666149
54050491
55862115
49239831
49596523
68267859
58330379
51935506
54917477
63971331
49235137
50555242
53372945
87227622
87227622
52898492
62646106
50956308
51155561
138300837
130134447
49136150
76951368
52813159
56601101
51580521
60279816
48875458
57790646
50457109
60494430
51567294
51359081
64510638
65321730
57921206
59314271
45731782
50117910
48360471
48693271
75217823
51615934
50514282
49850816
58733152
48567404
73616545
73959158
51269907
54258277
56182968
52509373
48987670
56731660
50102549
58614538
48764951
63613785
50615402
53437798
50399082
51500734
52070334
53942544
56498274
51305321
51424788
57478753
56298595
62651653
51317694
58535605
61893041
-----------CASO 7-----------
51703400
65967702
52344253
63077039
80758937
119266407
69517138
73491532
53920784
54792036
69329405
58118326
58615392
50719082
66728447
53015825
58900831
56899340
51718761
52764092
53565371
48848151
56305422
68141566
64752130
56504248
52526440
55282276
57680140
47835672
50727189
107887221
70295804
114208707
59544244
119556967
56739341
61774854
61779121
59423924
59641098
135064147
135411027
135396520
116754197
94526599
59687177
57702326
54654223
70539429
51672681
68735058
69541884
88620260
54179344
51896254
50995135
64501677
52971452
59376564
66419115
56284941
54718650
68095060
75735370
49293164
54984036
46898714
50261269
52337853
54998970
53290171
59785310
50866708
62868826
54163558
49927616
51403454
55071076
49419883
52331453
50347456
59718750
47031407
59731550
55796409
64363438
60507656
82188268
55012196
59567284
55884302
55490489
53305105
70693030
71208015
52484200
51859133
169395410
54481423
51473854
58455818
79568111
47691886
91315509
58165259
54117478
54426811
68437246
52273426
52623292
67464447
72168867
64464131
63300612
57854219
57170701
58608991
70081191
51859561
63952558
50126443
49490283
50347456
51667987
64783704
51016895
61625095
61957041
47260953
52095507
57142540
69704871
59788723
51267774
54226277
56191075
52177426
48930071
49874710
119372220
64292611
66596181
65928023
52724839
61367815
57833739
53058492
52462440
52456893
53433959
134640468
53103718
57893472
56456461
52681320
58940511
57459553
49038444
54987449
54501903
65748822
51298067
79657285
55734542
62387121
55607396
52853266
50904682
56910434
53110546
59169204
50738281
56351501
54278331
47507140
53231719
56668940
64799917
55067237
55114596
53201852
58123873
53095612
50704149
49270977
49910123
50516842
99052247
50125162
350842858
64144984
64322478
146114800
52100627
55334329
49156630
55966221
49916949
67974313
62516400
53480892
56119822
83601813
55347983
54067557
63168773
55589902
50797589
66125996
48965058
55787449
58525792
49724523
51207615
49750549
46711834
52850279
50115776
52591292
63545518
51572414
52255933
51081748
60217523
55173902
54736996
54960143
57248780
52847719
55047183
49207831
56164195
48479085
55571983
52907452
89258125
48786284
49714710
52078440
53055932
47446126
51519080
49574763
58566751
49965589
59208457
49677590
60798216
140843767
162107953
49830336
61625094
53029479
60893362
52939879
56417208
50437056
56074169
52248679
60755975
52995772
96280624
59588618
54341477
53669051
57936139
50678975
56670221
58769418
52482493
50575721
59037791
50473322
57078967
94141746
90690018
50471615
54419557
111524550
88189327
52653586
56860514
55574116
64788824
62404187
52883985
46632047
55245156
49716843
53400252
56550755
50522815
55645796
54598756
57156193
58408458
60492296
63884291
53798331
61263282
55184569
53882384
116522944
53216785
130783406
59570697
56479075
76694515
47286979
52670652
53417319
56203021
47284420
53875984
51532734
61637895
48939457
60104456
53195452
56542221
48579351
49358017
53827345
50659348
146342639
51991400
55977741
69459112
101808510
91951242
55128676
54949477
85712104
76788382
49532097
53829904
55484516
67720020
58227978
59848457
69014952
51685907
59044618
53043133
51784467
75426463
55499022
57500513
52835346
55347129
52650173
52671080
67500287
62382427
51446547
55668409
63583919
61992454
46604313
56084835
50337643
55734116
52121534
53878117
84985491
55665849
54817636
56193208
53333692
50911508
54534756
53915664
53488572
61276935
60906162
51879614
59028405
51788308
50628629
50998975
56182541
54448143
150401514
96412037
55807076
64428718
53802171
58903391
53643025
51540841
73520973
57979659
56471821
56613901
69742417
61326001
54474597
49930603
83651733
-----------CASO 8-----------
51458494
62320987
55611662
80647576
63630425
63572825
48805911
62319707
90611084
65899436
58408032
62820613
54256144
55922702
114529987
57788513
61921627
96777689
64527704
54590650
63843758
66204929
65308929
59166217
97591341
95556572
58952884
71649188
67576234
63441412
62332934
55619342
78527046
58405472
161467954
70550950
65696769
88626233
70958416
61735601
55982008
99826646
76264436
54081638
55813049
62089734
63958104
85516264
62766854
76644595
125753865
64795224
68153513
56734647
130110127
60971442
58213045
174662176
62985306
51882174
56217955
54658917
60609203
56139022
51893693
50636308
51391081
56678754
149720128
68499112
67674366
52225213
118935741
56339128
53040145
61560242
53569212
63219546
53959611
50761748
56703501
52359613
49925909
47871512
53423292
136429479
55067662
57436940
98457474
76202995
50572308
49287191
82151148
48059671
56037048
52248680
53164732
58311179
52242280
47815619
60162056
48918977
51903081
61301682
58741258
100097579
82359788
76064329
53633212
53889211
52474813
74381132
55367609
54856890
54352144
69250044
51500308
53785958
52450493
116185451
55192676
63097092
48589591
66237782
53443345
57492407
89466765
55071076
54213477
49905856
73969826
53654545
53191185
51204201
53259452
92003722
55641529
56055395
53672891
75062091
54043238
54370491
51230228
51159828
57615286
62714373
49684416
70942629
49120364
51179027
99482326
49739456
58286859
58425952
49555990
56982113
65205676
54211771
103207974
57203554
54752357
50367935
51560467
70128977
49500524
57182220
52975292
84614292
68687272
86643943
49679297
52331027
49982656
51588627
62153734
72605347
62922159
128553222
50413162
92338655
122471950
52583613
52597266
57466806
53124199
55339449
54443877
69026899
66388822
51132095
103272401
58022326
58168672
58133685
55501582
52605372
61726215
52857106
61793200
188753678
81733016
65579863
54102544
86515943
67645353
53597371
55249423
57774006
49526124
67465727
54315024
56950967
51823721
109117300
64717571
59517791
52415079
54788623
51171774
54330810
63091546
56098062
113486361
103797201
67112448
59952563
47490925
57331980
54040251
89552099
52825106
61864881
54763450
59550217
54713104
59663283
106366157
104175653
55798115
55365476
57424567
62442586
139015502
118411368
50303936
102940455
103399548
103203708
52480786
62026160
54783503
50806548
65270103
66291116
54260837
59303178
54029158
54296677
57528673
64635224
58946911
54951183
56817420
53717692
48409965
68306686
166917759
50547562
51097108
49838443
50887189
76607475
63538266
48160791
72901880
126756958
50743829
71026256
53770598
47665432
53967291
63135919
69416017
54502330
49544043
56869474
62053468
57028620
53578172
54182757
54333370
56933047
51411988
58833418
54450704
57815393
56946700
152007485
120771685
49114817
64133465
54153744
51793427
50396096
50788628
48664258
63053146
50525802
54339770
120302353
123738721
49006870
55959822
56168888
57447179
50822335
72380920
54869263
53863611
52199187
56780300
49361430
50664042
58957151
305887608
48401432
52207293
57475767
58073952
48105751
58489525
50046229
55327076
53507771
60803762
51822014
52313533
54684944
51159828
78089714
58050059
58974645
96424837
91612896
92900148
54539023
55072782
55010916
107436663
65114370
54505743
57956619
52037906
53453158
50126016
63179013
62727600
53912678
134055935
54141370
54707983
50440468
61980934
57200567
51811347
52110440
89637006
51704681
50855188
51436734
58827872
65524823
48304151
52782866
54542437
54198117
53737318
54623930
54327824
54933263
56251235
52532839
49177111
58720352
51800680
11231132
58295392
57080247
63969198
50163136
56921100
51853587
50243776
52791399
52680893
58590218
49792790
50330816
50862015
69426685
-----------CASO 9-----------
56833207
50488682
153867750
78999365
107943542
108039115
49787669
60697522
81594775
76508915
59790430
54825743
65989889
63414105
54715237
54728463
91181110
60876296
58006966
79776752
81784642
81821762
102126802
96962863
70475430
68134313
71470842
75532704
51172202
79655151
76161609
76629662
65349890
64976983
128343302
124822880
92659935
140097101
80579310
92497375
65101143
65152770
106588450
90666551
106378104
106460450
63767812
67357353
75007051
81945921
55993955
50449856
64135598
68281513
58193418
58805258
52370707
53981797
63676505
69636604
56060942
50636308
54696891
58109366
59837363
80847684
56076728
52523880
75472117
49656256
51175188
57417313
51719613
48841324
51146175
50082496
48541805
48861378
53187772
51613801
61465522
51805800
51225534
52470120
48286231
50916628
54272783
52547773
56396728
59120991
53954065
49298710
56497847
52492732
52596412
102909735
60854962
50720362
52837053
49982229
51011348
84828905
56157795
53449318
56518754
56873741
56828514
55611235
75998196
51691454
50153750
57296566
56884834
62950319
57557260
52246547
48845590
51932520
60669789
55231930
58904672
53108839
60287923
52255933
48107885
67554047
51784894
57641740
53520145
48510658
50318443
56083128
60723975
52971026
54288571
50467349
57526113
57904139
52886545
56123235
51958974
57634913
53906704
51350121
80830616
47133380
50520256
49698923
138961742
52795665
48083565
53218491
49425003
46604313
106908450
64439811
53335825
74119585
52509799
65186050
48456044
51362068
56468834
49977962
54115344
67468713
57010274
73474893
73302519
78469446
92159883
74539852
103165734
209340318
116207211
130948952
102097363
99891072
50164416
52517480
49237697
60033203
54605157
86633276
46890607
49165590
62120881
54542864
90885857
117237183
47599299
75219104
57919499
62701573
107251489
52477800
58670004
52264039
57631073
60487176
55097956
62030428
51613801
51859133
62712666
57172834
48443245
48828098
53934438
52611346
71008336
59444404
55045903
68365566
52464146
57457420
65666050
46627353
52476520
71005349
49282924
66742527
73233400
54226704
51467454
49349484
52129213
55294222
63938478
46654233
60669789
53641745
64374957
52240573
53821371
47606979
55245156
59976457
57625953
78846193
52163346
53399825
51153001
52563133
59713203
64485464
55621476
78508699
49475776
51051882
63914584
51030974
72954787
52912146
55820728
124284854
58330806
75174731
50629055
48441111
51609107
118423742
65190743
92564788
55412409
62769413
67918846
51878761
55082170
48064366
64065625
66450689
50835561
51967507
74905077
49232577
63448239
53436944
58643552
58428939
47748206
52203026
50601748
52592999
127020211
138856356
53206545
52981266
65840129
50141802
53948517
55438435
77781660
71228069
67032661
51302761
47310019
51442281
65747969
47892845
58543712
49528257
49372950
52624146
47706392
113102362
48308418
53640891
49579883
52248253
147576131
54271930
51247295
48200899
63642799
49417750
48043458
56194061
47960258
51638121
68787539
54086330
48386071
51088148
48338285
57962592
66807808
52123666
46540741
52847292
47208047
104492666
55604836
53496251
53701052
47574980
49209537
54544570
113301615
52623720
46931140
50461375
49081964
49826923
50635029
50864148
542734238
46082501
47533592
52883559
53016252
97754755
57965153
51811774
62484400
46009541
51933373
50586816
51815613
51012628
110678898
83585599
50118336
50847508
58618805
69845671
109829406
56159501
55074489
66254849
51652200
52822972
50765588
50201109
55478116
49401537
52125373
49750976
160017715
63102213
53889638
131277912
62656773
57643019
77736007
51585214
52355346
50322709
50833428
49651990
49488576
50079083
55942755
54973796
52819559
61576881
58423818
59226804
50805268
56443235
-----------CASO 10-----------
110041459
118655848
52311826
85051625
51407721
49596097
55307450
74518518
117663423
49864469
50291989
47553646
53409212
51331348
56983821
47883885
109676233
53279079
51509268
50766015
59983284
95785264
50385429
56507235
54821476
51354388
147669571
48041325
82203201
49905430
113855001
130724526
60627549
65042264
53001318
46372634
47394926
53039292
47874072
53133159
63246853
49587136
75248117
49174124
50180202
51872787
50556096
48743191
46774126
93634867
48481645
49773590
47338180
53797477
70290256
46414874
48903618
55781902
49796630
52028094
49596523
54415290
94881158
51956840
49796630
49488150
48857537
79895791
49529964
85273065
49487723
99537793
47428633
51234921
50603882
71605241
91617163
52989373
55622756
66475435
71405136
100219178
47747779
50324416
55054863
56884407
56752141
49250497
50396949
54314597
58827872
60214963
60097203
50957161
47270339
59288671
53521852
60169736
49988629
51555347
62368774
51234494
54158864
62548400
62508720
56130488
59198217
87902608
51708520
537336486
52102760
54141370
57154060
57453580
55466596
53436518
53961318
51588627
55202916
57059341
60040030
51851453
53884944
50981482
51942334
47624046
58075232
51981586
49826923
62105948
55626596
54948196
51281854
61744134
53380199
46789913
49480896
52843879
78071367
54440463
51296787
50125589
59337311
94957106
58829579
48850710
51440147
54366224
49268844
56915554
49216364
52924519
49741163
51404307
54449423
48773911
50067136
49544043
50671295
56143288
47498179
48275565
49693377
51563454
49724950
115137133
51942333
48294338
51932520
52694119
65939542
74211319
50310335
53881957
50925162
66914048
165443201
204639738
64193625
53150225
52979986
52563986
63150852
56019982
48945430
51890281
62297521
47920152
53993745
51079188
55842915
54727610
51750334
46786927
54797156
53333265
81292696
74403744
55494756
56678754
66871381
60553309
320507750
363791747
54178491
51098814
48826391
53023079
61745841
61788081
57771873
62921306
54354277
56282808
52728679
60908295
49683990
57333686
50535189
54249318
50152469
53348625
52541373
56264035
47086447
52033213
50492949
48580204
110470685
100502911
55520355
51923560
59067658
61021362
63282693
58658058
51313428
55349263
57346060
54026598
53730917
56377101
47379993
52165907
51081322
47528472
49295297
64804183
53497105
102657576
54262117
50153322
51898387
47571566
73647266
60246536
46480154
54072250
48652311
58748938
192347487
137047291
53192038
60098910
50497216
55109903
53701478
60991069
61590108
65449729
56489315
56893794
51843347
51266494
50404629
50294123
50997695
56553314
53518011
56587021
51464894
80252484
53609318
50741696
59543817
49009004
53169426
49840576
49983083
51232361
108458527
55484089
50307775
47533165
118939581
55071502
52518759
54141371
59286537
56103181
54330810
52892093
48779458
57324300
56794808
49727510
53333692
51259668
51678654
90842763
85519677
49576896
49801323
55350116
50438762
68793512
50573588
56411662
51065534
60239710
59904350
59611230
67457194
178171505
50396095
56098915
58414005
52991078
52507239
50035989
59489631
53070439
51379988
57302966
48962071
52566546
72418468
50996842
50312469
49452737
48547778
60299016
49504363
49528257
57762486
73708279
55722169
55164516
51351827
56168035
50196416
51046335
70387536
55836088
47735832
54675130
49204417
71048015
54949477
51330068
50866709
50832149
51918866
66258262
48189378
53732624
60058377
55736248
62403760
76028916
54364944
64029785
51784467
50447722
48275138
48571245
50249323
197271214
155796707
53259879
53104999
56595555
58265099
57613153
54025317
63479385
50609428
53675451
60485469
50411882
50321002
57842272
54087184
98638807
52071187
52817853
102019710
56946701
60476936
46432794
