-----------CASO 1-----------
124255841
130556419
155937933
128655195
105669412
243999687
170271782
178508998
147591065
162578992
136896251
221144464
127947357
120195686
146295280
139683235
276216393
170503461
174713377
183955818
114070467
113269188
138400676
116376171
137622864
150041834
155000122
119506620
138727929
137916837
156971746
159616649
128231943
130072154
129499994
219176680
162900698
134450601
118833341
144103922
151425939
172113273
187524027
123560802
123536055
194185565
152598418
122221070
162238512
187243707
117350250
124225548
142548724
188424292
105853731
115385025
132036098
129575941
110080713
118192915
101910056
100413738
217970068
165104855
116575851
170197542
118254356
121625444
167178026
136179453
121023419
113856281
127012104
121336591
108267808
110527432
100942377
114085827
114872600
121607951
107590262
103604774
112213190
206100216
103943973
111658097
115937558
120068966
102742909
164396589
105151012
112226416
119839846
118273128
147128558
148113304
105003386
119918353
109406153
112636869
118580328
115158893
109081460
194598578
116268651
139465634
174629323
111510044
128287409
105659598
111282631
109448393
111063751
234967592
106579490
104846372
109404447
103939280
111775430
118837182
142148085
112570736
108807114
101018751
107553996
137111291
125229919
105721891
111821937
148016023
108429515
110844444
108650955
115441346
100307072
104327547
117482942
122358457
115356012
118512488
103875707
129202608
110446792
125867786
118454461
103232295
190502583
154653242
114623427
111002311
129965060
487386256
115950785
657074359
80773870
1016968085
1038583417
592356362
112022896
101733416
122992909
121307578
111861190
108478155
124821600
148653890
104276346
123540749
109468874
110669085
162854191
119606460
107668342
123358989
132075351
186324668
327918940
167652479
102437415
136743079
118437395
151166954
119960593
117557610
125966345
107830476
215123778
203081127
103071441
103683281
130807299
140583074
119638887
118122089
113032389
111742577
127232691
128151730
138430543
147840237
165461975
163426351
153721403
122731790
108925727
113094682
177141106
106609784
101239763
128429489
124888586
112646256
104595493
109246580
155829987
149863915
108489248
120737979
116490944
101370751
113091269
115727212
139771128
116749930
100043819
111307804
204100432
127456264
120843365
147707118
113206895
112545135
110417778
126891357
161155207
104105253
107746422
127613704
204394405
112543002
127674290
138545743
120283152
140043341
146779972
117124970
120228966
115437079
114215961
118774888
122247951
179857263
139572301
107783542
130945113
127518130
114933186
107723382
117282410
162864431
181763180
110014580
112446576
129507248
148996502
139888461
124953440
159568009
106950263
106977143
114803480
137832783
124730720
112513989
107434529
108422688
121637818
136504145
108330528
139098276
115515585
105846478
105752185
107288609
126700638
143690056
107432396
157469238
110863218
317158421
454764218
97475289
113543962
113717614
114245827
118919955
124135947
108230261
124282721
109805513
105901517
99526273
105508559
184030911
194683058
111144391
108252875
107752822
111423431
102859815
111152071
113156122
117526036
163563738
128848902
110946845
104665466
108124875
103070161
103208401
105429625
128157276
112044230
106285944
133017857
112936389
121296912
101863976
96882649
107457996
169130450
109446260
107488716
101688190
105370745
103527974
108666741
114800066
107616289
108861301
102583335
106642210
134084095
125864799
157947531
138230436
111432818
124238348
104224294
105712932
128196529
104170106
202235048
108857034
108232821
162653232
123121762
101170217
110480072
105654478
102448936
110883272
122520590
105834957
110161779
105482105
104886052
122923789
104538319
111974257
106925090
102333736
113030255
144728988
106818850
108623221
103125628
120635579
131850924
110489032
106583757
102116562
103735333
340408738
106461731
242163316
267323391
111085084
116425664
99142273
130709166
100562218
208632906
106035064
133234603
119891473
117944595
131708418
117226090
105296505
-----------CASO 2-----------
112585669
114591853
131079085
123141816
115657665
112450842
108095862
108159861
210441544
233341995
109592607
107578743
161476060
159523636
119804433
115624385
198366466
214325912
119600487
115072280
117639102
115517719
121642084
115969985
127963996
121012325
125022560
136118439
140351821
105159972
135393534
132529751
109714206
118570088
165514029
173549004
108814367
113564014
111710577
126607198
119568913
121115151
131479298
113144602
123507468
153513616
143594909
112385990
219198013
109206900
108604022
113135642
132666710
122402403
122543203
124696160
120664592
205306191
103147388
114975426
103576614
121172752
174229110
197787054
167019733
107625675
115143106
123316323
203169873
111350470
112280602
113767108
118867902
112070256
107577035
108829727
110724552
102957522
113047322
108623221
112499910
100479445
106490318
104194000
124950027
101710376
106637517
122829070
127614983
106565411
110926791
168778878
112508016
110464285
101204351
121248271
111132018
100051926
98381101
103315495
165981227
107034316
104511866
111580870
103492561
101081471
211834182
107991755
107041142
108977354
103984933
108394954
108936820
114666520
100575872
104158160
105567865
106408398
100058325
109971485
107525836
124383841
100327979
175434442
105756024
117014890
105244879
166078508
105511118
119091474
101545684
126565812
110417352
113374575
103544614
162914779
142491977
191041036
99312513
117678783
177745692
109341726
111865456
113595161
214679192
139169955
132186284
148350104
152803644
106469410
124905227
112356549
140271607
112187590
109374153
111696497
116894143
101334484
103933307
172655139
144627442
126652852
118381075
107966155
120376166
110908445
114507800
254361701
254787514
146150213
117432170
103717841
102722428
105011492
103544188
105447545
105047759
119573606
126089226
102414375
139801847
101471870
108917194
211600796
150001728
118170729
132314710
115420439
169627090
114866200
114780013
103066321
120138513
111504498
105079332
194398471
140463181
99405099
112036976
199126358
120893712
111744284
116042092
98943447
102254375
156787853
124550240
110010313
97093849
105806371
117882302
102455335
101739817
103086375
181472194
104269093
113415108
158651530
182045207
399733248
144331762
104022054
116530197
106309410
116566891
111509191
106915277
108616394
109194100
120891579
117039637
114105027
109842206
123986614
123759628
116648384
122081124
140248994
110847432
107085517
152704231
114167747
101427070
262718384
103664081
101191978
107952075
189458531
111042418
101411283
119208807
106294051
151950739
102611496
106668663
106066210
179152411
103662374
109238901
102723282
131087192
140262647
112739696
99723392
122973709
105886584
104164560
119511741
124196534
113018735
111073565
104185893
187957519
117787156
113095535
110686579
128442289
110562845
105139066
115036866
110144286
105511971
116297664
115641452
119324861
123459255
106738210
138536783
119879100
148521623
125958665
101500030
109599434
105855865
134171988
134707881
99110273
104438907
102173736
103723387
104897999
105207759
175367882
109429620
100508031
200615423
672418553
110241566
111523697
105333199
118213396
107224183
104492666
108242208
109733833
104248187
105884878
113302469
117388650
99947819
105402319
112971802
112701296
114463000
108014795
109459486
117554623
127961863
191034636
115992599
123293709
117464596
110934045
98076035
105623332
172537806
134587135
116493077
109867380
185329256
103957200
160862941
102048722
174645537
109351114
112464496
108096715
106002211
95408091
102305149
165927041
122020111
106063225
108929567
103248081
108949621
107861622
103448187
107780982
104911653
137174438
102377256
108991007
112796442
210245704
102317522
120837819
106467704
109369033
125085279
103369254
113948441
108949194
123091896
113993668
105666851
159525342
104152613
104272933
110711752
112146203
110303432
408045131
108888181
103030909
121078459
102190803
107895329
103026642
106594851
144721734
208766026
215052951
158873397
104268239
113449242
114810306
105673678
114466841
99666219
-----------CASO 3-----------
121439417
149488022
113739801
111834737
126737331
113133509
117680916
114949400
152230205
169406076
108696607
133379243
115470786
108201675
113717188
109522633
114338841
112267803
230729518
115649985
108745674
113494894
117933929
191360182
263783342
141647605
160402568
262332677
110327325
118027368
125429173
133956948
118613608
133532416
106607650
109712500
112210203
127281330
117563583
121488058
141473952
143520669
104988879
121170191
155320975
174721483
122411790
110850418
114548760
134458281
106643064
115692652
170343889
114591000
111774577
121543951
150503914
133492309
110525298
113056282
120665018
110933618
103871014
129861381
123648695
111486577
113140335
156336440
113820868
202830247
103262588
104492666
111951643
103863334
99897898
110342258
108563061
442940019
326768649
334820692
303606651
107486155
106347384
151349139
165818668
108964554
99020247
113556335
119673874
108629621
111490844
107791222
110651165
113875908
123355149
110273139
116447851
106951116
112103963
116094571
111819804
101223551
106817144
100866431
110773191
191930634
413442031
115519852
142399391
108394528
132874924
190645090
230983384
111777991
106904183
106398584
121145872
106344824
113124548
170275196
106067491
116976064
113574255
111977243
108003702
115661932
127340637
106804343
130626819
135539880
101530750
107937142
105564452
144269042
103175548
101689043
104485839
109308447
110814578
109541833
108070689
103610747
186952294
109712073
112816496
196393988
118174996
104676986
115627372
157384759
103324881
112509296
120351419
118404542
119636327
104856186
231963863
200027050
103508347
106236024
170223569
112110789
106075598
110647751
114488601
116015638
141511926
175941749
123268963
118400702
556903394
65223169
125157386
208103840
109636553
107193036
105651918
130564099
118597395
111311644
106581623
115786092
118127209
1019598055
570336124
995162460
555611449
1063755011
631049432
124120588
624882400
610557086
599676245
603361787
62284720
73632332
123047522
109797406
538007631
109287114
618007955
1051557907
580314991
62794587
1012377584
1030551001
371039952
187838053
124697867
121175738
187926372
170138662
101291390
207849547
116536597
124027148
139195129
123582562
107148236
103859068
199915691
115310785
106036771
114046574
175852148
169061330
111136285
105654479
126784265
114705773
106995490
106079864
125923679
113949721
112481136
114591853
107956768
106013731
112863003
119318887
103731494
121140325
111002738
138544463
133273856
210952264
105710371
131851351
121470991
128761862
112722629
111583004
104939386
127937116
102770641
119113234
127850077
116343318
105594318
415395309
392830218
125089973
102525736
112749509
209036106
108855754
126134452
146407066
111757937
110592711
184357738
132437163
114916119
129536261
111444337
120156007
148778476
131369218
129560154
121027685
109593887
112289136
145688561
137281104
107575329
114613187
113218842
108791754
113692014
108242208
103989627
228941361
108755487
114550040
158532063
115516866
124543841
108963701
117258516
105030265
177959026
173057912
126568371
105823438
124022028
113704815
158256437
169516583
101900243
131559938
111129885
107721675
132058284
123606882
111609457
122378937
118288489
143016777
116231532
159956275
121877604
141165900
108969248
129005489
204277072
113773081
115979799
117492756
174878923
109869513
106488184
109764979
181285315
107483169
109774793
115628226
155108068
112539589
122520590
119456274
119923473
116154304
114782573
110041032
194215858
198139053
117458196
109665992
105401465
111324018
113394202
98969900
119721660
111248924
116766998
104222587
114483054
115106840
115124333
114364867
106311544
110140019
191964768
191068342
139072248
118686568
109850313
117581503
117225663
234860072
110017566
135955879
102275709
112446150
144458482
128356102
151636286
112505883
127735303
114617027
114901613
107460556
198738519
105208186
108823328
107957622
115835585
106655864
112450843
109254686
116540864
114682306
111773297
107993888
104805839
114091801
113325935
117393770
133612629
109575113
-----------CASO 4-----------
121866510
126209972
121868644
120182460
113858841
113146309
108156875
130075567
133211562
160368861
132288257
158088331
119713553
118645608
217613375
155819320
133454762
128629595
134038868
145634374
175668256
151559913
126233865
104679972
144870214
170178342
192990047
160421342
123441335
123943521
149350636
144181575
128934661
135813799
112764869
134648147
118629394
122510349
134462975
143028297
134183935
142486431
113379268
117606249
155810360
116590357
165555414
144854001
175499295
153272977
155742948
163346991
110094792
182714646
144212296
158595637
178880624
133069056
106592717
111559537
103476774
107102583
105863545
111910684
113643375
110752712
103206268
104196986
122517177
103280508
175909748
174817910
109150153
101185151
107975968
108788341
111548017
110108873
161119794
153063057
130028207
137046437
185548136
192251914
119181501
123031736
131383298
132618070
115958465
112982469
137190651
131352152
114565400
131867564
174376737
418949437
112569456
113159108
117670676
111771591
117392916
109799966
173718391
112950042
106573090
114635374
121308858
117643796
110387058
129873327
110480499
102443389
110651592
117884009
117979156
114119961
114822253
113382255
106469410
106387490
107776715
104667173
105232932
111598791
111746843
223346914
223828194
107145249
119168701
126654557
107585569
111391005
115371372
108879647
111596658
175132362
168149545
114248387
108003275
120004540
120221712
110812872
112370202
114044868
112796869
174506017
181040835
107218636
119844540
154462095
142288031
119722513
120008806
103760080
107623116
109892979
109893833
117888275
140571553
126971997
128299782
209926558
115781398
111934150
114429720
113700548
166932267
107167010
114497560
168400852
105904504
147495491
116746091
113714201
168540371
107005303
105128399
108664608
118793661
116148332
101743230
106742904
109349834
102367442
120874939
113268762
117094250
108583115
117923262
108371062
169972262
115595799
103440508
101581524
102557309
100185899
110750578
221918009
224407179
248725015
248965228
108368928
108769141
102348243
108447861
152527592
148726849
117548649
119631207
107503649
102658856
112688069
119949500
107674743
119469074
129400154
131297538
161708167
164744749
110136605
123449015
113311855
181322434
122581177
119326994
110937458
112316443
115803585
100735018
107495542
128724742
111980657
111829617
176230174
188979384
109558046
111057778
118651581
119779260
111800604
115191746
114690414
109611806
116098411
116425237
110421192
114316653
105940771
113892121
125896372
117522623
181839980
201231529
106861090
107027490
642396618
600410111
115400813
111709297
174539297
107030050
115620118
110879858
128986715
143904243
252272744
248621761
109782900
109635700
119649127
114459587
107087650
113797401
107518156
105919011
207858507
209214879
108630047
111410631
122472803
109915166
120324539
118244542
113694574
115663639
109632713
115530946
125350239
147031279
107706742
164491310
122289763
122809869
577071475
67464020
601592830
607964662
161486300
196623108
120482832
109436020
109025140
102065790
114991639
117060117
116782784
160280115
136265639
112422683
116248598
123166989
105838371
107143543
109198794
117056277
139025742
148085570
108844234
109196234
114284227
102124669
117452650
113410842
118678462
120625766
184286485
122823096
106966050
117114303
132900096
119024061
111783537
118441235
114637507
214969752
107494689
137038332
112874096
104531493
101472724
120780219
106075598
109511113
114981400
130825646
110696391
114551320
110567966
118495421
128040796
108196982
104981626
99228460
101726590
105083599
112810949
111790791
109315273
115198146
110841032
116167958
110022686
112956015
104583546
108963274
191068342
179501850
116026731
107567222
105773518
111100445
106705357
121994084
103855227
107442636
102312829
111225031
112528922
113528602
110862365
120925712
122179257
126695092
136481105
135421266
117167637
112655643
115612012
104585679
105925411
122152804
120569872
122169017
139945208
140571127
112373616
581583896
106141731
997655469
493842995
-----------CASO 5-----------
127753650
118328595
152332605
160540808
187419920
173941111
154471482
158519691
111374791
120020753
106579917
117533716
116476438
111255751
146977092
145284507
143475443
133494442
106503117
181443181
138083663
134324308
106581197
103125628
146132293
121793551
126626398
106101624
119662780
114318787
114256921
113600281
170513701
137461584
109277726
120609552
117337449
166707413
110535539
117569983
153901456
174912630
113508548
114457880
147746370
128668422
141276832
117954409
111618417
111495111
105651492
113677508
113389509
111933723
114523160
103608614
111047964
118908007
128004103
177417160
171044048
119017661
114753133
108889887
171454500
163975896
115250626
104554106
132998656
105477411
112382149
106594424
171054714
108058742
120733285
103313361
109622046
115595798
104455120
112157296
103181521
112636442
120354833
113601561
107209676
199651157
123757921
117770943
112793456
113521348
114514627
106982263
157991478
123337656
111440924
112382576
112619376
99859499
105099385
168123945
175307722
112396656
116127425
144380828
144433309
101177471
104496932
138703609
142977097
143424243
152351378
161069448
159597449
100129151
108481995
213635567
210212424
104811813
203105020
115230146
96782810
115605612
105121146
104290000
176690121
112458096
111595377
104596772
120734992
103373948
103101308
127349171
106044451
116110785
123363682
106280824
115978518
121508965
117249556
104931706
113061402
111740444
104161573
107827915
162528646
107956768
105416398
128752048
115918785
160957234
107135436
135948626
105332345
200029184
309143498
112013083
106107170
216061590
104916346
115398679
104858319
114467266
101300351
123303522
179649477
143073950
108844661
112741829
100935124
112455536
121052005
104993573
105820451
116371904
141004193
117893396
115874838
114191641
119667473
126965171
185144083
110625565
114722839
116915050
112717509
122978829
109259807
159100383
124275894
121245711
114663533
113908760
104128294
110314952
125310133
105937358
340376311
135973799
275288394
206057976
107862902
103770320
109753459
128084316
136698705
118405821
105107492
115120919
103196881
105458212
109027274
127568477
124272908
119357287
132302338
134500094
110857244
217883455
142791497
117106623
104875386
99883819
125385226
126410932
112836123
119800166
149078422
121481231
124775093
117161237
125606239
125877599
104550266
114388333
120890725
126793651
118360169
118300862
98704087
104621520
104550693
103904294
177066866
144866801
361865350
362933722
102754428
121667257
115853078
110407112
132316417
107822795
173962444
173233698
120539152
112785349
107784396
114346520
101340883
108554954
115809985
118879848
106881144
106138318
111980230
117075050
116758464
116540438
127649117
130661806
126418185
127547143
111113671
114802626
111449031
108003702
104398373
113192388
110576925
108874101
122916536
126912691
148984983
145544347
101439017
104711119
109465460
111627377
113365188
117003797
106169464
116334784
115579159
127138397
113181295
114326467
102608509
121354938
125892106
119734887
107758795
181391128
109607113
130361006
129748741
130677166
119152061
273120931
122398990
119969126
135491240
108627061
217384682
188393999
179498863
168498131
105230372
116178198
110771485
109946312
101354537
114391320
107706743
137926650
106119118
107973408
123407202
101376297
113293935
106710477
134236841
113510682
106706210
106264184
109858846
103106428
114686573
751036479
100395391
125697119
113487641
201104810
110897352
188852665
119009127
110448926
103827494
103534374
107445196
105833678
105504291
130263727
143795869
122543630
117131796
104917625
120106086
194083165
134391721
129058395
111640604
115974252
105320825
109764553
108840394
107963168
126706612
358238262
110417779
112823749
110545352
169656956
132434604
127093171
157560972
153239697
180117956
144850161
112290843
109143754
141788832
134215082
107524129
105465465
127323144
128915461
105820878
105772665
109616500
116014358
110739058
104216614
102328616
102538962
121331898
103670054
116017345
109218420
107740022
240221133
-----------CASO 6-----------
115844119
131567192
116121878
107082103
113261508
113294361
653594470
654755429
107581303
116563051
184345790
179364037
161556700
169695783
161301127
147451118
125525599
134695934
158174517
177623666
109080180
116182038
133441962
112278469
125594292
154640869
154949349
188006586
115800172
128691462
113630575
113658308
123452855
110570952
135283027
154008123
116673131
112819483
137803770
112319429
121661711
174733430
121575524
112554096
114210840
382765163
539884536
116777664
103936720
109113887
113510681
106329037
114447214
182644673
143314590
116504171
118061929
104548560
107847115
107756236
110154525
105728291
110845725
112807109
100284884
116033985
155758734
114546627
122583736
136856571
113931801
136365052
116520811
112898842
112484550
104375333
168140158
112365083
110713032
122596963
100526378
109865246
124442721
110070472
105403599
117340863
126540638
134393428
124341174
120754618
117079316
105371599
151447700
142629364
135901693
114654146
106593144
120691473
110372979
122599097
144935068
103699067
106204451
112565189
105798691
118201875
135843239
220747238
160362461
119897019
130662660
101902376
119323154
113319962
138577316
144251122
113075055
113336602
105888291
190292236
104814799
113258095
104376186
106488611
111123058
141594698
115273666
104269093
146657946
110377672
110051699
111288604
107626102
99894485
113888708
125641226
105031972
104201253
114594840
108115489
254781113
107015117
142935711
105955705
111784390
136303612
132240898
104001574
102421629
110485619
164602670
113425775
107168716
109151860
103929041
109336606
102398589
98658861
107259169
135970386
103371388
124356108
106468131
140368033
116017772
110990365
107830475
141178272
113127109
110377673
112529776
239081934
132635564
214171460
125681332
115664492
114991213
124598027
136100946
125132214
120130833
111590683
142243657
133627135
164257497
117611369
119888913
199998464
144658162
142488138
110903325
143427656
119935847
135719933
113160815
113671108
103859494
109180020
108167968
114081561
131229698
112907375
175099083
114717720
112465776
110259059
111968284
130610179
134129749
120722619
134201855
110239859
96995716
187398160
128592049
116053185
167940052
121331045
117093824
106348237
120580113
112508016
105226959
108289568
114995053
101562323
162930138
110051272
111552710
107013409
106552184
100551551
115091052
106220237
107694795
102433576
135805266
110860232
107786956
112192710
117258943
104732879
108792608
131564205
103002322
110649031
113057562
123587255
111158897
109138634
114703213
133299029
141705206
106766370
114055107
103793361
117720169
107687542
102406696
121404431
137556731
102665682
117279850
136726012
134086655
114473666
107399542
112844656
107865035
101006804
190144183
153830203
109985992
123739575
104121893
150136128
160242568
100794324
105391652
99883819
116785770
118620009
121916857
108103115
114314094
129330181
143025310
110065779
113677934
118498835
137857530
101231657
107254902
99270273
102905041
107527542
108225141
163626457
119898727
102821842
104607012
112458523
101138644
109432607
108032288
104458107
106438264
147928984
116483264
112647962
113025135
107572342
113015322
110312392
112418416
164728963
166758186
105476985
111664497
115884651
128780636
107195169
104944080
150623807
151962686
118246249
115481025
107113676
107022370
115582146
117928382
199142572
220521105
112683802
112520816
113342575
114842733
106108024
98857260
105282425
111476764
104108240
111682417
110687432
121299898
105271758
101427070
143812936
158470624
114118254
117107477
147889731
148010904
103379921
108997407
168142718
131849644
107764769
109657459
129456901
123415308
140275874
149808449
107056503
114486466
116176065
103300987
104793040
150325994
126823517
101095977
121493178
113067802
122178404
111501511
185411176
192233994
149085676
153840443
116500331
121883578
109104073
110652872
212857327
211351623
108000715
112257136
112852336
115677718
126084532
137075451
102744615
106355917
143462216
141193206
110746738
112068976
193899272
212018929
120954725
-----------CASO 7-----------
121607098
122704910
116579264
127545437
125856266
132830123
143079071
170818768
169237543
116258411
151492073
121713764
152897938
110299166
110704925
124537014
134381908
126304692
118160062
108638581
247311897
114617880
128908209
121185551
102570109
136526758
107829195
184439230
109085301
106554743
110570952
116719637
151199380
153584017
178622491
134344788
194038365
161269980
134471935
134446334
128590769
189961997
195087110
167434879
229143600
207361442
145991493
138542756
142381045
228855174
216373483
207743734
164209283
130540207
186010642
109258954
106329891
125043466
115040706
131809111
131300525
145540507
168183251
118015849
115097026
101434750
127263411
115097879
101727869
156996066
123293709
111871431
108802848
122932750
118276116
120292540
116773824
106853837
107510049
106783010
111307804
177889906
166437333
120004539
106936183
117417664
116427797
124722187
128461915
168517331
164295043
121977444
111390150
108542154
114126788
103975547
136570279
161325874
128954288
113105775
125176160
137788837
107283063
121007205
106361890
185665042
240077346
154401509
127748103
217814762
218206014
149374102
149025943
133499563
140483233
104682959
113076762
166030295
164866349
143412723
142945524
103495974
142434378
113118575
106960503
104602746
111522844
109806793
103999013
359551966
142683124
144953841
113017882
225839071
108468768
105960397
108529354
183070912
104092026
121296058
110238153
165489281
127639303
131675991
110426739
176480627
110571805
113009349
123464376
151945192
107993462
116233238
166357547
115707158
107229303
121618191
119852647
105031972
106059384
112161136
109341300
110493725
132519084
106387063
144481522
114752706
122244537
142361845
110005619
138011557
120776805
109639966
109354953
146627652
117264063
223645581
173726498
108774260
132272044
116599317
106796237
111419164
363030148
105401465
106328183
103459707
125214133
108349301
106357197
131438339
154537189
123087203
183040192
127295410
190786743
151392232
112627055
109715486
107494262
124696587
114913987
171693860
169021223
111979377
151711806
103396988
103117948
110491592
109551220
116408171
121597711
113729561
116333932
110238578
103653413
107495115
100518271
117456063
106148984
186808508
190678370
116599744
112062150
226580617
229218693
114485613
116334357
115487426
116686784
120115047
125083573
180105156
170922875
112690202
109777780
125047307
121741071
133135616
126933598
112800282
115178519
108239221
107687969
107409782
107701195
174795723
178547824
103336828
108217462
107176823
110213833
111881670
113665135
110905458
121598564
136082172
104159013
125363467
132344577
157487158
154057190
127355571
121002085
114225347
118497128
102627708
131742978
126419038
126765491
108935540
112227270
151119167
174211190
138365263
139304781
133151829
139215181
129614341
121319524
107397835
110556871
151396926
150703594
106214265
111274098
215895617
223495394
111393138
108105675
161052808
181551981
103589841
106271438
173243085
154437349
124334774
123671735
184284778
184888083
143279603
141629685
128373596
145450481
112327109
185320722
121523897
191026102
132070231
123874828
178081478
126438239
145543067
127059464
136019026
101442857
130028633
123232269
143963976
146828186
107057783
116109504
103430695
106182691
119854780
119564647
108393675
177289159
110584179
117878036
112330949
106897357
116241771
117950569
103495121
107337249
106646903
106706637
118255208
113478681
109231647
118538942
107834742
138854649
113610948
108400928
108711114
113524334
104339920
124749494
113859268
206509815
114459587
116625344
116443584
105365625
117558036
122647309
119268541
157590838
111366257
110712605
114809880
104849785
135181053
110282525
115932012
157630518
133456469
109244020
109933939
115321453
151536446
122255203
140103074
174450123
120329233
117261503
113227801
105722318
118115263
117328063
105889571
108304501
128865115
132542124
109907060
105308879
130324313
141225206
123624802
118520595
101685203
107681996
106447650
113968921
112451696
113010202
107033037
123941815
168545917
-----------CASO 8-----------
181666754
180849262
115461398
127584263
123476322
124105228
176133321
196359429
108639861
144850588
119835153
120934672
113783321
147305198
119580434
177269533
140637686
136525905
147009945
132617643
135408040
127594930
117588756
131601751
176054388
165834028
123856055
129625434
124655200
135778386
112787483
117167210
194590898
126762505
121525178
214449645
141570805
148601410
200996863
202868647
340907084
164324483
186247015
125527733
158038411
121467151
184888936
160680754
148153410
159536436
152886844
164272857
164219523
106884130
243847794
176219934
138321743
155387534
126376372
143611550
145533253
111546737
111307804
142161312
191736928
112248603
121871630
115016386
136618918
214494019
126161758
141098912
125385653
218571667
144870642
115120066
113418521
148336023
143827443
244180594
128356956
142978377
111231858
106900769
114544920
134564947
227990748
116538731
112975215
219442493
129146288
114440813
179214704
105624185
218851987
123089762
138332410
154898576
107565089
108332661
161569074
105368186
106700664
115126466
124377441
104301093
147726317
120206779
149425302
107516876
116982464
108493942
201114196
119955473
133780735
109758579
135474173
114227481
123854348
124896267
124156001
425240629
163930670
138288037
100933417
111104285
110881565
150791061
118351635
111999430
120740112
131216472
118343102
110876872
109599006
150634901
122223630
111671751
116113345
111692657
127870130
116042945
109614793
110260338
118061076
121004218
102635815
104413733
103113682
108070688
116807104
160024542
106727970
107669623
105473572
115828331
111279217
106803916
113256815
174212897
130849965
110794951
113442415
114383640
109189834
115548012
103094055
101799550
154429243
152187965
113183855
111204551
101471017
113042629
103937147
119830887
113626308
104538319
132519511
140061687
114677187
181899287
134295295
104802852
105221412
107768182
107676875
107894049
117196224
128048049
118428435
158566197
258307936
141164620
129083995
110132339
124384267
126061065
121744484
121829817
111135004
134774867
129056688
135301374
145810587
122650296
166405334
174165964
140803659
130051674
188344932
185403923
111874417
115289879
112383856
112256710
125341707
132407724
116782784
106029518
109180447
110990791
111627804
118743741
113769241
120167527
114063214
118716435
108284875
128292102
112336923
114112707
162349446
183215125
115695639
129191941
109866526
121275151
110759965
112474736
116774251
122181817
112592496
117371583
117014464
113500015
204027899
185188456
121411258
121389498
117005930
134797054
140796406
109563166
117785023
117052863
135107667
157039586
129412101
143951602
125010186
130454873
113773081
112904389
109029407
472714915
112342896
102606375
111309511
181343342
164389763
131149059
142528671
115684119
105592184
125047733
201883902
117048171
126050399
105938211
114794946
108221301
219256039
107966582
114288494
128073223
127271517
116785771
115636332
120236647
123385015
107813835
110458739
119348754
120255419
124036962
125465866
134103295
106421623
112742256
107773302
166160001
159545395
106788130
111763483
210244425
209542132
109090420
124532748
123533495
103197308
113497881
116310464
149899328
153386470
179837210
187646053
114509080
115687106
111103004
113339588
111657671
115894038
110661405
168882131
111546738
107898742
102966909
125846452
116694891
137360891
115414466
163288111
140656033
113476975
109513673
139315022
123687095
111432391
121366885
107268129
108833141
125892532
123065016
109709939
165019095
110828658
123183202
148324077
174575990
100707711
120243046
210580637
159302623
112151324
119155048
109615647
111515591
107334689
167961385
122893496
111257458
125454346
118409235
111178098
108231968
171581647
204887631
120790459
112543002
111951217
121392485
109364340
102579922
110408392
110945138
161975259
110748872
107142263
126569224
127271091
132070657
174646390
126640478
111155911
591811509
513438062
116543850
231711277
125026827
133732522
202365607
110951111
126062772
116911637
116813931
120584806
112356976
115995159
164976856
-----------CASO 9-----------
108580128
122001764
122965603
211631942
209769545
228193414
145335707
125526026
153397137
159755742
142788938
122393016
181502915
141467552
124138508
130518446
1099731926
723232354
202150995
197802840
282789612
282446999
156856546
148265624
149168876
147576131
150346901
151750206
200282197
199910144
153095910
148438850
124724321
180933315
179896516
119932433
148423063
150048234
139515128
125124960
136504145
140653900
124045922
172007033
176827934
151905939
146203119
143405043
197311748
199679318
105574691
115574465
116097985
124471734
96526810
105209892
104498213
104249467
133680896
128324956
175199776
180615022
117105770
111652977
114571374
129801647
106600397
112127857
161589127
144328349
111357297
115687958
106073037
116791317
181422701
120755045
106442104
142743284
102740348
183538111
116471318
127427677
118434409
106119971
108250742
118236008
114537667
173288738
124875360
119719954
111124764
102109310
252729703
120673126
113595161
113305455
111494684
116478144
108128288
116526358
113820441
135488680
129082715
125009333
195782577
141021686
111701617
122014990
152808338
140184141
153927057
170152315
118988648
111205831
115869719
112996549
121913870
108459381
121171045
124284427
201033129
130529966
111318471
112450843
113927961
137494863
113775641
108915488
113930521
113392068
112191857
109493620
109529033
200262143
108985887
113342149
142663497
118663528
123201975
172088526
120123153
114577347
119283901
108290848
105363492
134043989
105020026
96839982
108332235
208806559
114736067
118205716
106325197
144804081
106231331
163710937
111999856
126465971
115588545
114060654
132152150
109565300
118238996
178707398
113799961
298746924
129145008
146657519
219113106
151709673
201457662
164031790
355275065
191852128
270017361
184678164
319184658
307891660
144357789
146040133
145283228
150856767
139905528
165008855
115643585
106923810
133686442
124902240
115461826
122551736
154453989
162156593
120133820
118477075
118780008
159543262
113255108
112650096
117551636
127699464
229301467
130431833
121910031
114379800
121515791
122794937
147538158
104449146
112529776
101489364
107264716
132428630
117185130
151349140
162303366
113101509
102667816
115013400
96729476
104822479
118800488
131385859
110468552
102728829
120428219
114913133
141461579
125008907
127935409
137285371
111065031
134153642
139479289
112068976
119636327
104941945
102857682
163884164
105092132
121465872
204489552
109924979
114484333
109717620
117593876
136804945
122331576
166436907
129297754
109756873
112295110
123314616
133968042
117617769
125283679
117497449
113130095
106869623
121551631
115001879
115674732
113305882
112673562
148752450
104962852
118031209
161005873
125261493
116895850
104548559
160249395
151155860
140425206
152297192
105034106
108368075
121782458
104252453
108756768
113002522
104376613
126904157
103333841
109361780
108149195
106582050
109005940
117226943
136657318
130671620
158124171
120944912
117816169
147684505
173790498
148471703
142191605
116175211
115273239
126248798
111198577
115325292
107673889
111157618
163176324
105628452
109728286
99882966
115018093
121289658
110650312
102510376
633153749
109736393
112333510
120816058
111621831
108350155
189288718
144184563
135393960
102481789
211228743
209789172
110201886
113138628
110460019
115443052
108946633
108007116
110092659
127447731
157175693
189648398
125176160
114440386
125342133
140427340
117150143
178799558
105627598
105226532
112608282
110180979
121195365
168516051
119839420
110610205
103282641
117385663
128665436
109886579
159471582
103137574
102973309
110156659
137591290
103813841
134091349
101702696
110088819
124404748
157312225
117588330
138638330
111761350
117107050
116087318
115363692
124124001
122664803
103352614
151116606
103805307
149163756
99715286
109228660
114804760
174124150
114149827
114361880
127053491
106885836
110684018
102403709
143198964
110565832
107027489
109525193
130580739
106849570
102984828
122718136
138420730
111163591
107079969
178828144
151064980
119378620
111643590
-----------CASO 10-----------
142371231
143591922
104501626
111978524
108778954
114156227
112097563
107465676
110068765
175949428
110341832
110482632
111208391
122292750
119203687
110331166
106940450
173517432
108720928
102439549
120702993
120232379
115488706
121084858
102495015
155719054
105054586
223589260
109461620
136391932
136384679
183774485
114066628
116919744
119962300
120080486
112045510
117014464
102108030
123271949
154664335
100712405
161811419
121682617
126605491
120012220
110797512
120560912
113909187
108356555
165544748
139663608
142255604
112929562
188002319
111548871
103254481
105028986
106673357
159057717
123090615
110965618
132519937
115200279
101247443
103021522
110563699
133132629
139804834
113648068
137304998
105145039
151725886
112191430
118191635
169506343
122230030
112817776
117407423
128697862
122549177
103749841
169364263
119102141
117866516
127347890
152202472
118792382
131841538
111972550
100787497
131078659
104410320
114184813
112169670
196042416
159264650
111118791
115683692
121937338
130126767
108629194
105389092
184806590
184036885
116252865
118283796
134834174
121779471
108302795
121375844
102170749
108482421
171291088
104735866
109045193
111140125
106562850
109549087
172724686
172585592
114270147
116244757
120373179
115451586
109341300
112626203
103409361
113847321
120042087
118686142
118329022
109477406
164393176
377528263
126660104
126154078
110879858
112092017
136969211
113649774
108716661
121744058
122412643
103275814
107754955
131189165
139919181
118285075
120259686
107488716
131475031
200251477
139275342
128436742
99050114
105684344
104551119
107609462
176410654
103494694
105657891
106194637
125349813
105049892
112259270
119034728
140533154
106374264
115469506
112519535
117381823
113951427
112837402
205072377
103761787
214303299
385305534
119332114
122780430
111929456
149015276
102498855
115649132
124612107
129447088
204496378
134902014
130586286
118271848
111457991
165096749
114935746
105420238
115314626
108119329
105029839
121250405
181681261
109062261
182157847
127497650
105060559
227657095
131394818
127553970
116499478
116967104
112897563
115964012
121345551
139134542
154011963
161786247
110806045
121190672
116338198
101634430
120036113
113867801
109166794
114229614
143894429
146093466
105694585
129770074
112038256
119957607
129328901
115918358
109616926
132101804
112766575
118366568
122874296
126030345
126201865
116183745
137563130
150598207
115708012
102507815
127133704
98258221
105821304
106401571
109972766
115879105
109072927
110560712
193232393
106492024
109553353
106444237
95254918
95266438
103015975
107674742
103190055
118543208
235258152
220110652
107231009
109073354
111142257
107385463
108999541
104730746
125572959
125617759
104114640
106236024
105158692
113927534
116963264
107071863
101531176
107385463
136537425
106519330
109063114
110876871
106368717
112651376
115222466
148593730
105527758
101680083
104887759
108936394
122563257
188033466
108515275
114634093
118947688
188015119
118707048
106666957
120272060
120838246
125730826
127838130
178273052
113124548
129405274
106929783
105570851
108813514
122219790
110244126
110914845
116807104
160943580
113500442
120071527
249236161
141987658
140246007
115556972
115620972
115455426
402385405
142260298
306990113
292228320
134484734
111163591
117054997
203952806
103604774
105366052
115388439
127387570
112562629
105074212
108474315
117129664
171279140
105747064
117629716
102953681
132050604
123257442
103806161
115777985
178032839
134554708
123252322
124932533
121324645
149657408
105727438
114001774
117695422
115470358
105281999
106422904
192467807
116476437
107680289
124139787
101366910
110384498
113307162
119613287
197791320
110852551
124397494
114078574
125672799
116641984
113986840
144196082
113816601
103465254
117882729
103608614
186421949
251284159
132424791
105477411
115799318
109298207
327517021
117113876
127103410
117940756
111025351
113415535
116477718
99615019
114462147
121434725
106594850
185184616
111264284
117236330
163830830
125713332
120661606
