-----------CASO 1-----------
64371544
162679258
59528884
129955247
96720516
90405431
55167076
63924825
51855294
58402059
116525931
55463609
113792707
56109581
48985111
131425112
54314171
56515341
158442037
56004195
52089107
548719511
187192507
101568723
51799400
50550976
48505111
51698280
51430334
125197066
49920363
96919769
52363879
48557165
69107539
52622866
51626174
50571455
48272578
109897246
52796093
56221368
51071508
50764735
49809857
57018807
50795882
55862542
50733162
55175609
57188194
53224038
47633859
47240473
52405693
80886083
84655678
53536358
100649258
51563027
50732308
48166338
55494755
81898988
62243334
53758225
54591930
116372758
59926963
49977110
50146069
60224776
53135292
52313960
50482709
52886119
49026497
51157695
48198338
53051666
99346646
54995983
53670331
50213056
47801966
57997153
139237368
48918125
126197599
105329359
52159080
52420200
54030437
51999934
55188410
55995662
53404091
47475566
188451172
48698818
47436313
49404950
67001088
94555613
50972948
85396371
49634923
49904149
54077370
73683533
50565055
89539725
49901162
54921316
163979736
102380243
96319023
66261249
51963667
49014550
68977832
54220303
72022947
50495082
101588350
220382011
48183831
50351722
55526329
48927084
166895573
50813802
54542864
86458769
50570176
54956730
50975082
49648149
105861411
48622871
48904471
49862763
123945228
51346708
47982445
58176779
49640470
49354604
53880251
48022978
49266283
51624894
53993744
106486477
75899209
47923566
49030764
127321010
51525054
46260421
48276845
68897618
52286226
49771030
52880999
53803024
55419663
53454012
58500191
48572098
55345849
83705920
56761954
53734758
47263939
118675475
48687298
54145210
51734121
74270199
56300728
92162868
51857854
50234389
47896685
48473111
52691132
48838338
48149698
57718113
49460844
60428723
51128682
88797327
109330633
52435986
47993112
80957336
47368472
49225750
54187024
51347134
54166118
51869800
58569738
49581589
48784577
68347220
52733373
47169220
49059778
51802387
51665854
61625948
48034499
57118647
49738176
52117267
52222226
57348620
52409107
48087832
50654655
51260948
52796093
63911598
50968681
47937219
287889552
51890707
51387241
53956624
53055505
50673428
99069740
49298710
56100621
47291246
52261906
52122813
70492070
121795258
49568363
55342862
47441433
57655393
50576148
60127923
47541273
47129113
49742016
48640791
54434916
61663921
96892890
48578924
182173633
130282500
48450072
49424577
50547988
48896364
46497220
48213272
47334766
386315879
50633749
52694119
52929639
74640118
310248990
50958015
49006444
61584988
137490171
49568363
95754118
48089965
47798552
50206656
54488677
48605805
53402385
65650689
52556306
48613911
52180840
54569744
49968150
47057859
50958015
46172528
51227668
62649093
51429054
48221805
51792574
84717971
48423618
58318432
60835335
77206514
101010218
49316631
113095109
74558198
109682206
50114922
113863107
50589375
52667666
49168577
51301907
48931351
106042317
65032450
58430646
50606869
54544997
49454870
51273321
52896786
103346641
51536147
165173122
53489425
50120469
75218250
169784103
50151616
54844090
134774014
50076096
136650065
51282707
76104436
46766447
48956524
147251865
219102867
54372624
69703591
45967727
50161002
48310124
49360577
110662258
48693271
190552076
51677801
59878750
480485785
48797378
328242780
49442070
50048790
51073214
48620311
55862969
53290598
51478121
48814017
50790335
48035779
337750608
61823495
52267880
50149056
70623483
47868952
51352681
49243244
54287290
49682709
53804304
119120487
66684928
69330258
64367704
55206330
48894230
110020980
56088675
51222547
50790762
83538239
85936529
49206123
104490533
55847609
47832685
290281015
81700589
128976475
47208046
48389058
52357906
47118873
48864791
102563282
-----------CASO 2-----------
53215078
54444304
56748728
55764409
61704881
182377580
142215925
57721953
51795561
52065213
88414607
118409235
58210486
62383706
119815526
121127952
48923671
94662279
51993960
97362222
55770382
57920353
47502446
51324521
47464046
156710626
95310385
51659881
99348779
48774337
61920347
49694229
53171559
51116308
94644785
46792474
60462003
45362716
48192792
49074711
50862869
49955776
51685054
55528463
47309592
89882765
60542216
149792662
94808199
48619458
50435775
50864575
83755413
53545745
55146596
53155772
48085699
47817752
48933058
49812843
58166539
93174494
266080939
53107132
51772947
48285805
50741695
47075353
117902782
113876334
49991189
100330111
62210480
106689143
48186392
50383296
82181014
52477800
53290172
57472353
48197912
69364391
47399619
119872273
47074073
52429160
51167081
115455853
127312050
45956634
50081216
51074495
48514925
50265109
101319124
59253684
50224149
49187777
46431514
53955771
54326543
49813269
118541075
67613353
57985206
49901590
93821320
48324632
45712581
49814550
67268181
50452842
108388555
54128144
52081853
113357935
53679292
54521956
80341657
49147670
52569533
55138490
58223713
148289090
72476921
63760559
86312850
63662852
68869885
54565477
50813375
69696337
75784436
57075980
52802065
54203664
50593215
51111615
101450537
47276740
96495663
52228626
118377236
58362806
49801749
49771456
58143072
47589059
47234927
93242334
54891023
105393785
61029042
95380358
124608693
50931988
130101166
47758872
48566551
50588522
56524301
51936360
54898277
49510763
50846655
57820513
63918852
49141697
52736359
47048473
90516364
123581282
52928359
46162288
98239448
50685375
84916798
46613274
100729471
58709685
50116629
50773695
55095396
49976256
51989694
63827971
51622334
69698897
144459335
53945958
50187882
49878976
52031080
47672686
68179966
52660839
53635344
154542735
114547480
111787804
102553468
48203031
73296120
49950229
47564739
132501164
55127396
50895295
67377834
49692096
49942976
52123240
73517133
59572404
54185745
51530174
54312464
306452088
52240573
48627138
48537111
54614970
109199221
90371297
50198122
65352023
50306922
88340794
56628834
63235332
48722284
51861693
49681430
104591226
57986059
52685585
58052619
117067797
108482421
46374767
49292737
49403244
48798658
209862558
49845696
93605853
49233431
59565577
52842173
61043549
51107348
50889749
50462656
153524283
55947875
49843989
51932947
56157368
56834914
51375294
56724834
131377325
52381800
124040375
52848146
55958115
49536363
47832685
54055611
65685676
48939884
50104256
48074606
52287933
50879509
49531243
163499311
49482603
47076206
56896781
49067457
51577961
113927534
50405909
55012196
52535399
53968571
107659809
47723885
75004490
59014751
100685951
88260580
50117056
51379561
48311405
45713435
47606125
47465753
47037806
47509273
77723634
103514321
54818490
46297114
125536693
113227375
49189910
47781486
48035779
46296261
108068982
49782549
47874072
55362062
54542437
46166981
53738597
143316723
57155767
52279400
57416033
54736143
52586173
187650320
46994286
51077908
70479270
55198223
98947287
54643984
46990873
117744916
48898071
52433853
48358339
47993538
50876948
50716095
53747985
65627223
50407189
49915243
115198146
132006658
98485634
52219240
51552361
76099316
47197807
50616255
48322498
53237691
86821863
48688151
51382548
164229336
55948728
49553856
50064576
56144568
54397371
219994172
54577424
51746494
52055400
120768699
54689637
50599615
53616998
98986540
50958442
53113958
61650695
53516731
47915032
149013569
283490197
174433910
48155245
51839933
49519296
51441427
56231181
50809535
88643726
49945110
521145786
9135348
52291347
47421806
51616360
55882168
52511506
51325801
518284990
50928574
126614878
115465239
47247299
-----------CASO 3-----------
142865738
54574437
54511717
75174304
50047083
56380088
80867310
52766652
198734679
190942475
89646392
120863845
119101288
54085478
57586273
52575506
57319607
53579024
49486443
62746373
49733483
105539705
153968442
60448350
55780196
49794496
53807291
50379029
49250497
53051239
122266724
55042063
52866492
62315867
147248451
46836846
50638869
63189679
233366741
58152033
114708333
50957588
49332843
206453069
116973077
55509689
114868333
65437356
119759207
182359660
50465216
54305210
50277483
51313855
55859982
46626501
116514411
53744998
100324992
49183511
53346919
46627781
76828489
147672558
48541805
51929107
48971030
48382658
51727720
52060520
58110646
47035673
59309577
91507083
53742865
106292344
50760468
51938067
47003673
48363885
53019239
50078229
54536463
47856152
100918484
103533948
49949376
45583301
129127089
115250199
96469636
49969429
48809324
54230117
53506065
48223938
51383401
138731769
48184685
54304357
127433223
47876205
56061368
49278657
243384008
48808471
86486076
98023981
53865317
78302619
56578488
52868625
55206756
48293058
57192034
46759620
147119598
115782252
51864253
48777751
606394104
792606986
56101049
52637800
48340419
50509162
785606675
1015672300
47037807
55950008
53848252
2204588538
11232839
808686751
132372737
59822857
67467861
119695633
102220242
49504790
58727178
74472438
53968145
52377106
98441261
102727549
48220524
45823514
49943403
96040837
58563765
50290709
51241748
55256249
50917482
50860308
50758335
68342100
53080252
52407399
107984502
50265535
99048407
49433110
48594711
55720462
62566747
91910709
51914173
53483879
48797804
100206805
53141265
47968792
46707140
48368578
55269902
53052519
47902659
47441860
49949803
48241859
334309972
55080890
50584682
59871497
113255961
52268733
50957161
49575617
49312790
55385955
51226815
47932098
93177480
78195100
61202268
53558545
49308523
69261565
48458604
45677169
50210496
51829693
49416470
47508846
52659559
47269059
46505754
49656257
55359930
48308418
54497211
48499991
124097975
56415927
46422127
53014972
55257529
55513529
49315351
132176044
52836200
53147665
50911935
48986390
53279078
53866171
47347993
136575399
49120363
53819665
48357912
49685696
47562179
46103834
49532524
70099111
52417640
52414226
46390127
50619669
102160510
48615191
54204944
51463187
49348630
52138174
52017853
49130604
50943935
48179565
50365802
147525357
58374752
110188659
46285168
66239489
50012949
57133153
51879614
50967828
48687724
51305321
116663318
54760463
49291884
121184698
52689426
101535870
58006113
49072151
53903291
48550764
50919188
48610498
170222715
49631937
46953326
49179671
56924087
59989256
156819852
50736575
52679186
46527940
50992148
52676199
56927073
45800048
46786926
54224998
51533588
50606869
47031406
47883885
48811884
89599459
49978389
52262334
55120569
79976857
46957167
52096360
49854656
107411916
47145326
48253805
53548731
50324416
45620422
50892734
50527082
132080471
53953211
53183932
114896067
60551176
107204983
46889753
50576149
50137962
58804831
111091911
95886810
48564845
51818173
94092253
55129957
48393751
47628312
86196370
53485158
48552898
90066231
47557485
52709905
49133164
57360140
49430123
57893899
54943077
65712982
53997584
56648460
55793422
246086512
56239288
51606121
47519939
47903085
48526018
117100223
89279033
49967296
49994176
48981271
46569753
50102975
57346914
56238008
47036953
52139880
49490710
55568142
49189484
46303088
53189905
67548500
113828121
62533040
62218160
47882179
47574553
53663932
51367188
51696147
52411239
296868314
53597371
46711833
48536258
51086868
52974012
50208362
48721858
51607827
49767616
48093805
52693266
52564839
82068375
46384581
51112894
51743081
46825326
48596845
50516415
81389976
52342120
-----------CASO 4-----------
51943614
50298815
58115766
128387249
53660944
176507081
56819981
53012412
48924524
52011027
53771878
61854641
56444087
129175728
56988514
84714131
59767391
50838121
62195973
49744150
56367288
52741053
54768570
63477252
57797046
55934649
157730359
59737524
53236839
72926626
51778921
46367941
137959931
48970604
58214326
84845972
50745535
49212098
53336252
103304401
48886978
75217823
104896293
47694873
176310388
85326397
208278773
52027667
117664277
48203885
47349272
72127907
115413185
49217217
50520682
99686699
85008105
49899029
105244878
51402600
48967618
54646970
83053547
609340233
46479727
55251556
48428312
49291883
71465295
108592927
53358865
99121793
86495462
120342033
49276524
51349268
50010389
53539345
81046083
50408469
87667514
98732674
51781907
48895937
51132521
52096787
50194282
53570065
47893698
47763565
49386177
49777430
47646659
56015715
49148098
49016684
48314818
87470394
108316448
47512259
149958208
48253805
51824147
54405477
50812095
57443339
498295256
58543712
754290661
48712471
51019028
52034067
99071874
46953326
50033003
50962282
64648877
49332843
92645428
49020950
115075692
49850389
51135081
60536669
46521967
47988419
52917265
51218281
47873645
50451989
133475669
54814650
174096844
51316841
47610393
53982225
105043065
49523137
51462334
50914922
74534731
48622871
50815935
52305000
52486759
53755238
119390994
167954985
50717802
53600358
50937961
62035121
53734758
64680877
72848120
61479601
59320245
61343922
53300838
49730069
55312142
53412198
54991716
59526324
48247405
46408474
53396412
56441101
57014113
50303509
52258493
50544575
49487297
56374968
90624311
46801433
59742643
50898708
49329004
57579446
73492386
47151300
51135082
51136361
114669080
56966327
51587348
73456120
52604946
48650605
110780445
46994713
59771657
49685696
46163995
52425320
49270551
51312148
51938066
49852523
48415085
53992037
55321956
47196100
49875990
50409749
66428929
55018596
54683237
51438868
78211313
48126232
48607511
55575822
49979243
120381286
55713636
51689747
55303183
58946058
90033805
47612526
54275771
52826385
110190366
48177858
50546709
48838337
52772626
46061594
56802061
57698060
50058176
111332124
49599083
53544891
47468312
49486870
52896359
50810815
54507024
54425957
48313538
54081211
47821592
123690081
49192044
48867777
97208622
49630230
56863500
55000250
50929002
53454438
50786069
47347566
118974995
53752678
52405267
47096260
50272363
71180282
50993428
55007076
74594891
52286653
48904471
563027759
525004128
53807718
1431762220
49401536
128154716
53047398
51531454
53129745
49376790
58726751
49401536
49243244
50329963
54136251
49477484
46848367
49481750
49456577
51496467
49056790
53206118
49909696
93396361
53570492
59101791
49069591
49839296
47030553
52133053
49327297
52870759
49590550
55151290
50159723
77094728
50968254
48922818
106243278
50065430
47865539
55805369
51172628
53015825
55280569
49630657
49806870
116071105
49198017
48552471
89742392
50711829
50402496
48775191
47592899
47682926
54167397
112342896
48706498
146576026
48927511
49000470
50670016
49231297
49139137
52471826
70065831
56850701
48940738
53519718
59320244
114716866
123002722
52742332
50390122
90879883
98783020
48269591
50296256
55680782
56868194
55294649
49500097
50463509
49323457
53897317
49270977
47828845
49751830
54955450
50665322
50774975
54001851
48093805
51052735
49905856
86741222
100898004
55599289
50535189
52931772
48210285
46740420
112567323
46623087
52095934
51721321
95228892
87230182
51569854
50579562
48615191
47152579
105723171
51373588
52479506
46943087
80097605
65223596
49323030
113659161
45865754
124510561
52914279
50939241
51361214
108553248
54171664
57662219
50097429
48055832
51216148
57188621
-----------CASO 5-----------
50668309
56344248
54207930
57640033
50704149
123421709
47567299
108060448
54655077
54177637
59428191
48046445
58467339
76734195
111098312
48337431
105751758
54547984
148398317
78406300
57059767
47201220
52933478
53051665
48534551
48171458
52145853
53387024
58016779
78096114
48153965
53621691
49213803
53254758
59861256
49648577
52040467
115877398
55408996
47853166
47882178
81554243
119508754
53331985
55650489
47277166
49166444
49930176
72754680
53512891
52854545
57467660
142226165
49768043
74525772
120348859
52608786
55286542
47961112
54107238
55070649
46607300
48950550
49860630
61002162
46574448
51547667
47024154
102100776
48833644
58923018
53056359
49095618
51234067
55946595
48853271
49432683
50131562
47909058
50030870
63010906
122862350
55662435
50586816
50663615
50880788
53125479
52143720
53037159
53672891
57255607
52453480
48506391
57418593
74650785
50671722
55680355
81774829
46642714
55220836
107681996
54145638
50524948
50414442
53469798
130031620
53121212
97796995
194500018
47401753
61383601
58242059
49058071
51017747
50569322
58644405
140100087
54818490
52161640
53343505
75916703
46576580
103800187
53418599
67536980
50020202
52274280
48200044
48891244
50208362
49097324
178916038
52211133
49816256
108075808
48857964
84801598
58049206
49664363
55549369
56377955
48229485
46569327
133165057
48210712
54745103
50303082
49989056
50680255
49117804
49004311
54098704
103095334
48132632
55738382
50920894
51498174
51005375
51091988
47785325
51497748
49455723
54369210
52608786
106047438
54032570
50275775
49004310
50369642
52924093
50262975
46553967
49954496
53013265
49832470
46775834
55780622
75693557
55737528
46632900
47701273
98720300
50898708
55918435
53567932
79198619
49627669
48076312
124816053
50583402
119866300
54868837
49876843
48371138
58210912
98821846
49553430
50529642
47978605
103413201
117458623
62493360
56848140
121741497
50546709
50925162
54125584
119112381
57584140
49914816
46564633
52700092
52383506
62902533
48789271
48677911
49209537
88746126
48929644
49703616
47353539
50407189
141595979
49631510
74041079
50774121
80605764
48607511
50149909
51187135
55503289
52149266
56645474
47350552
100842537
51423081
49087511
58059446
62795867
48204738
62292400
57568353
51281001
58758751
51563880
110301298
55344996
46726767
49896896
49672896
50089322
57537206
68244820
53479185
53016252
51448681
139087608
50726762
52208146
48277698
54319290
48451352
54597050
49203990
46574873
49919082
55838648
53341372
49500097
47999939
51215721
57338807
56854968
76182089
50148202
54217317
114259907
50228416
51278014
110343966
47274606
52634386
48180418
130145114
47708952
47382980
47860846
70705403
47234500
128333062
81083203
52637799
51371028
67914579
82072642
54422971
51948306
84775144
51815187
50442602
62943919
49597377
111285618
52880572
50420416
47808365
127250184
112880069
159119157
47355673
48624578
46048368
52088680
50756629
74947317
46783514
88802873
50258709
46859460
56127074
54632036
53846118
68622846
49761643
52822973
49382336
53530385
56625420
131834711
132159830
51192681
53359292
50750655
54760036
53200146
49324737
49437803
62091014
49983510
59950003
112617669
50873108
68840871
53317905
111903857
49760363
53199719
56687714
50204522
54583823
50198549
50726335
59304884
53402812
104782372
48331885
80179951
158895156
58807818
49593537
48927937
51604414
64331012
48093378
47771672
54654223
51253694
114187800
47832259
48837057
49783830
51147028
56886967
47734126
117502143
55257956
50004843
50483562
109533727
48034926
51377854
49403244
55821582
49078977
52148840
50370922
51699987
63958958
52777746
53516305
54712676
51822440
93802974
53608465
51200787
97860141
53312358
57050380
57035873
54178917
-----------CASO 6-----------
46329541
52263613
116828010
52246974
54421691
48384365
49171564
50992575
113488068
54124730
106902903
54694757
49137858
47997379
59398324
51357800
53340092
48732524
51167507
48616471
48821271
49288470
77630194
88860046
47526339
49554710
76743155
49029484
52665106
47726019
63737518
47780632
52609639
53139559
139865421
51167935
51604840
47693165
47659032
51365054
48484631
47180740
50464789
118332435
51685480
54928143
49085804
54786490
54254864
51317267
49597804
52150546
51222121
55500303
49764203
50941802
51884306
50359402
55614649
54299237
51540414
56230755
52975719
52145000
49856790
49910550
90556044
48949270
108403488
51282281
54429797
63116292
55548089
51906067
48671938
46652954
86207463
47950871
46497220
45504368
53912677
48265325
47457219
47458499
53033319
125060533
109802526
52037907
50848361
49673323
101606696
51487508
46170820
55120996
57548726
49199724
51089855
112157297
47485806
78420380
104635599
56817847
50153749
48257218
50937961
54596623
50334655
53168145
51270335
49809856
54475876
48773484
170122449
49255617
47661592
87153381
56640781
132708096
50444735
106675063
56034488
53733478
53820944
49624257
50763455
50341909
49105004
49774443
99902592
49328150
49399830
83203734
48237592
48609644
48059671
88824207
49435243
48786284
49827350
49996310
50233962
49183511
54428091
52755986
113241882
47148313
52589586
52953532
86152849
51612094
54108517
57025634
104567333
49658390
57729206
49834176
52236306
49438656
59069791
54187877
52744039
50576575
51748627
51968360
113418094
51630867
127339357
59301044
101939496
204623098
59713204
53104145
51157694
59121844
55923128
54253157
50951188
102752722
71922682
55509689
50883348
53638332
120640273
51082175
55625315
50963988
51497321
52398867
114702360
54285584
49585430
49916949
48980417
52054547
51761854
48426604
48483352
50299669
57560246
53180945
54175930
53781691
48491458
54745956
109229087
57396406
49447617
53791078
55601849
54623077
116924863
129528154
105761144
49454017
54200251
53064466
54331237
98524034
49844416
56441527
57635766
55373583
52246120
52133480
48212419
51743080
48640365
134641748
50224576
47766979
50769428
54131131
49223617
57617847
51551934
53627664
54190864
59713204
51639827
63559172
51384681
71324922
47479832
48286232
112339056
120252859
51377001
49570497
137599824
57951072
95609051
48085698
49695510
48057966
57789792
49087937
124513120
52524306
56376248
48514498
48773485
47248153
47339033
49721109
47229379
68761938
51038655
48213271
46641434
50314602
54035131
125784586
54105104
51252841
53233425
66451115
54782650
121323792
48913857
137888251
59172618
137929637
50066282
48598125
52355773
50355988
53111825
54090598
45907994
50421696
56962487
54032997
49083671
49145111
47569432
56422328
47362499
140544674
51313854
50082070
54485263
51587774
59602697
54276197
48083565
47495193
52192360
53686971
52393320
47347139
54273210
72926627
102650322
51255828
57989473
103722107
51777214
132587350
62237360
52511080
49643456
49101590
110066632
48878444
149135169
72036602
48802071
54981903
50039402
59974323
51254975
47233220
59768243
51292094
48680897
106215971
51659027
66198528
51368894
95225905
47551085
117104063
56135608
81118190
48301592
47915458
49456577
53163879
321620068
51670974
55921422
48618604
48794818
46027462
51262228
53447612
52144574
47209753
104709412
91740470
49797483
47755459
52876732
133982548
124679520
52410813
54742970
53538918
57835873
51093695
50085482
50971668
51408148
87800208
53211665
54009104
52812306
57315340
52073320
52902759
54104678
130402393
55588195
49347777
92400521
193225139
55463183
59021578
124013068
47911618
58332938
48166765
50233109
53989478
49516310
59496031
50012096
128050609
74719905
53488571
-----------CASO 7-----------
53835877
48739777
48122819
114137454
130541913
63583919
53568358
49156630
47935939
47109487
49052524
131820205
55870648
53740731
129670235
53124625
51199934
46687513
48966764
89256846
51339027
54751503
47293379
78873499
50962708
56208142
80471363
66499328
78985285
51422654
60753415
103402535
47449112
46870980
123821068
54219878
50266816
49192897
49002604
49374657
54087611
49736043
54711396
122766349
115172546
51242174
116929558
48235031
47728578
51375294
54069691
50533482
51493907
49363137
48412098
130292740
51002815
89633592
50143509
53364412
56037048
166033707
56346381
142559818
51109481
48856684
98244995
50144363
53190332
51845053
127565063
47036099
49075564
50883775
49372523
49175403
114140867
54025317
51962387
57950219
125130080
48082711
50548842
57438647
52894652
51977320
49943830
64191918
56103181
48392899
50475455
50924308
52208999
51713641
110942151
52917692
49801749
54747663
53700198
53794918
69650258
60866482
52679186
47003673
92989321
54136250
53660518
53078972
66238209
87098342
45812422
49809429
48975297
56587874
50742122
59644937
51814761
48749591
54935823
64729091
51989267
104344613
51547667
47561753
91766069
56022541
47900099
51188414
48730391
71674362
47280153
145238001
50218602
53116946
98471128
52033213
49868736
53434385
83342827
50466922
54137531
65957036
50545002
104506747
47483673
89884899
51197801
55541689
51192254
52009320
49174550
127847943
51931240
49309803
48467565
52296893
51618067
48586178
49133164
51474280
106530424
52140307
50140095
50106389
56522167
46913647
47655192
51020308
144661148
126905438
50832148
57509046
46053061
49526550
53414331
46974233
68796498
47253699
98524461
48955671
53672892
54480997
47463620
47474286
48713325
51442280
52996625
62720347
85098557
53221478
48644631
54804837
54138810
47283993
48909591
49576044
72717987
50972521
53061052
48927084
49340097
46870980
100618965
51901800
85279890
50404202
47961112
47059140
59237044
54332091
60978695
166099841
52193639
55442702
49630657
57577739
50162283
49527403
47434180
50258283
135321000
56994061
58387979
52526013
101329791
47638979
60457309
50201536
107050957
52645053
55568142
51341160
56355768
51153001
49631510
49636630
111940977
58369205
71353509
51955986
49009858
51631294
107708448
50840681
64214958
50248043
62107227
49291884
47205486
50131136
48972737
48755991
69323005
51859560
52129640
47426499
50046230
100425685
47820739
54975077
50296682
52594706
51953427
85584530
48871617
53095185
57835020
118576062
57036727
84890344
58326112
60125363
47981592
75078730
50097856
47548953
110614045
78655473
47783618
53647291
48668098
49924629
52500839
47310873
52987665
53718118
49672470
46628207
51153001
72217934
49135298
47795993
51605267
53503078
53294439
48137752
56222221
54319290
52838332
55084729
48087405
53978811
49310231
62803119
49036737
51353107
105130105
50533909
60591282
46996420
112189296
48244418
53974970
49107564
48308418
47692312
51551934
48980844
53117372
47498606
52231186
49902869
54274918
51125694
48414658
48415938
48246978
51296788
49533804
50011669
52216253
47931245
100665898
50521962
77711260
56626701
46878233
49461270
48956097
75173024
50574442
48470124
48573804
52524306
49793643
50220309
49550017
46979354
49490284
49266284
94151133
145916400
53387025
52443239
49026071
54786063
48991084
56225208
80586564
49931030
53187772
113242735
49930177
48511511
54675557
54102117
142817097
51692734
52394599
55415822
50981908
89658339
60310962
50857748
46683673
487262950
52244413
6546765
50649535
46337647
474464246
682923499
51042068
53747558
155814200
48320365
48139458
119851367
47573273
48471405
47822446
55696995
48461592
95762224
46593221
49650283
84297279
49615297
49312790
66542422
-----------CASO 8-----------
126192052
52764519
48466284
49911830
50768149
51867240
47650072
52684306
113133081
76944968
48267458
47300206
51327508
100377898
47837379
50489535
47013913
47729859
51863400
51977747
56843021
49079404
51595454
49968576
95592837
60836616
47792153
58457525
52556733
84566932
58337632
53013265
50497215
101505150
48018712
51945320
50323136
102027817
50721216
51715347
52231186
50006549
50198549
50888041
49489003
50605162
53491132
50633322
49263724
56913847
48053272
49949376
50072256
119678140
149114689
51094548
54035984
50431509
49907990
48150552
51961533
50726762
52309266
50477162
53166012
52651026
48727831
52539667
114848280
52945426
51886440
47831832
51129107
51117161
65430103
50814655
76937289
60245257
59210164
53175398
56901047
48291351
47107353
120332219
95018545
51894121
64135598
48453911
49258177
56549901
70222844
118404115
51234921
62453680
57113100
50084629
52516199
211506503
84545599
54013371
58089312
59019445
47763566
56271714
58802271
54694756
47816473
59603550
49865750
49884096
50290282
51307454
49824363
47053593
93926706
51562601
53422438
49803030
48724844
49424151
51772947
52726546
47649219
48812311
51075348
47348846
48415085
52911292
49507776
46967406
61615708
52115560
48610498
51682494
51018602
47283139
51598014
83071041
49000044
49987350
116444864
56810594
77728328
47847619
48991083
50109376
49722389
60661682
50205376
51210174
60400990
53437371
52025107
57978806
49847829
49921643
62190000
53486865
93177054
47482392
50360256
50501055
51633854
78602140
51174334
93600734
58719925
52583613
52831506
49830336
50091455
59661577
48680045
71653882
53336252
55711075
48645911
79118405
52798225
48881004
53242811
47178180
53897744
48944577
54642704
54717370
110614471
157069025
50154602
52117693
54657210
49784683
54630331
48864364
48995351
49160897
60832349
54284731
55970061
62135814
55096249
53008999
57477900
52018280
50786922
53524838
48979564
51292094
54902970
274512288
92983775
51909481
50078229
50937962
55755448
67650900
53026065
46834287
58153739
48089966
80172698
49617429
51987134
47154286
50512149
51160254
58991284
51321535
90822284
46633754
55846328
53349905
50957588
51420094
51264361
48129219
48451778
49556844
117509823
50253589
49698497
50670441
53614865
50210923
62982320
54886329
54315024
50305216
49384470
69846098
51224255
50456682
46295407
53236839
50029163
47240900
57193314
50322709
104541307
53184359
53755238
103305254
51345428
55708089
48435565
117548223
51182441
57209100
46567620
49053804
93740680
50122176
54140944
55806649
55889849
54807397
54471610
79225072
49885803
48168898
51693161
46823620
82444268
125448799
53156626
53007292
115545452
53818811
48179992
48705218
52678759
126075999
54320144
50990868
49454017
48371991
54249744
82697708
63139759
131480151
53620839
64399704
56647181
49610177
52334866
49283777
103161041
48729965
49350764
52911719
46942660
55758008
50041109
78520646
47192260
52445373
47231513
65807703
51676521
53627238
54496783
53272678
51222974
63614212
46561221
53698918
49125910
49651563
51940200
50742122
61112242
48058819
49718550
53094332
51650494
47186286
45703621
48933057
52097213
57466379
48354925
123603895
47565165
68005032
48927511
48129218
111505777
106572663
50734868
51846760
50316309
54268517
48516632
49318337
48671511
50397802
47293379
49008150
50420842
56176569
57907980
54666170
168316798
53559825
171290661
151821459
50993002
48026819
57390433
48572951
52556733
51353535
51144895
48937751
49535936
53133585
49256470
53800891
53084945
53893051
74950731
48898071
50379456
54055184
52997478
51464895
77814087
48066498
55709369
48782018
49977536
74683211
59739656
87727674
51457641
49958336
114888813
48487618
52481213
48303298
-----------CASO 9-----------
47709806
131602178
45539782
61685254
53104572
55792996
51950440
48677058
54134118
48812738
55409422
50216896
55133369
51644094
53919504
66841515
49769323
75233611
47980739
49967296
52445799
56010168
54810383
53690384
52697959
51682494
74505292
55389796
46748527
51880467
48363032
48546071
58843231
62147334
47208046
90098658
54632463
52286653
51608254
315833622
56435128
52078014
47921005
52416360
109789299
47825859
52587026
49119510
54249744
55219556
52200040
53774865
109312287
49917376
50990442
53919931
49867883
51758013
51201641
52503399
56846860
52553320
53127186
51298921
55232783
52947132
93209054
51980733
49037590
53005158
51991827
51910334
47381272
49494976
49085377
59108617
52860092
55550649
54610703
70954576
86274023
75656437
52073747
94166493
48217538
55132943
49457430
52380093
50701161
55687609
49422444
49668629
49053804
50450708
55126116
48371138
54696464
53200572
54255291
59910750
48602818
51647934
56935608
48968471
49703189
50205802
104893733
69940390
90105912
116551957
110831219
64692824
60410802
63930798
46219887
50331669
49137430
49544044
126938717
51878333
70921722
51721747
53713852
50739988
53995024
50814228
48692844
56863501
58767285
48576791
50779241
61369948
51667133
51728574
54994703
51339454
51247294
53086652
54716090
48698391
90995084
49209110
46795460
49829910
49979243
106893943
65387436
49672897
50929855
51174335
54494223
47215727
49253484
49248790
52270013
75494730
49647723
49137003
48607084
84711998
123534775
52238866
51104788
109466740
48270445
55686329
54560357
115314199
49551296
51852307
119861180
50370922
53511611
90151565
49117377
56307555
53479185
62119600
51634281
58032139
49204843
49077270
52589586
63365039
48350231
48565698
50204949
56832780
54532197
98387074
55563449
54347451
99639766
111865030
108070689
51237055
54373903
50356842
50983614
47319406
48108738
48119832
114879853
103852667
163090992
49977109
48568258
102251389
52826812
46673433
116321984
74364918
58795018
47670979
52267027
104052774
46646554
48840045
113812335
49398123
49907562
74637558
51213161
58405898
48106179
49156204
47484526
51969213
47768259
53505638
52086974
47354393
54391823
51808787
46792900
49558550
55444409
47374020
102577788
52921532
108976500
49437803
62626480
51665000
50841109
48415512
82714774
49368683
117372437
50754068
49057217
73335800
114055534
87805755
53734331
47532739
78829552
57015394
52290066
55980302
51763987
92690655
49987776
49569217
50144362
47507993
52339987
46307781
50212202
316671595
47628312
48010606
131577858
48034072
49287190
52196627
80447897
55130383
50203243
48499992
52028520
196144815
50263829
106809890
56553314
46651674
51699134
48586178
47913752
51019454
50431509
48049005
50655082
52018707
93575987
45054662
53029905
47403886
51096681
50085909
47991405
49612310
85899836
52452200
53384892
53166011
48082712
48532844
45727941
52102333
52853692
51274175
99085100
52438120
98717313
112607856
50654655
112948762
47149593
53936997
98368301
112421830
48961644
128621062
54576570
51652201
52817853
195828229
49945109
47936792
97235929
50620948
98546647
48398872
50719082
50210495
54926436
52364733
52084414
58621792
106576504
51853160
120312167
49341803
67153834
51469587
49332416
48173591
46679834
49745856
56295608
73040119
51778494
59025845
45832902
51780627
50285589
49801323
48581911
53327719
48592578
49083244
50250602
52305853
156729826
51483668
54302651
51600147
50794175
51976893
123373495
49003457
342344095
123177656
54220731
47095406
51464467
47514393
49595670
48316525
58827445
49203564
47705539
54093584
49785109
52941586
55301903
52370280
54833850
52312253
51743507
105737678
55031823
46190020
52689426
101099817
49965590
93734280
48819564
49169430
-----------CASO 10-----------
48727830
122022671
54399077
55448249
55466169
53854651
61124615
48978284
50440468
60682589
53216359
51465321
117518783
47688045
167082452
78683633
53640892
49460843
50442175
53429692
48080579
51878334
58251872
59014752
51182441
49144683
57576887
51481534
48757271
50518975
48121965
51081321
46203674
47876632
180807022
48041325
47011353
48665111
50503615
50704148
49189484
49622123
51139774
49953216
49312364
54070971
49415190
48439831
53003878
50561215
51027135
83854400
67430741
46421274
57245367
54354277
51147455
96426970
60824669
102567122
52971026
53730491
49837163
49830336
48293058
360473138
52747026
55708089
48589591
52233747
48937324
51192254
49470230
53819238
51049321
49787243
70048337
98619607
50952469
48367725
46867140
50127296
47998232
55403023
47882179
50048789
53773584
49441217
47791726
53174546
55208463
86836795
50817215
50826175
145304987
48269592
132134657
51336894
52674919
52620307
59035658
47803672
51020734
74068386
50332949
49631083
50623508
52169746
51189695
121574671
53317478
51566014
50786069
55871075
52638226
52250387
52889105
52422759
91890229
70739962
49099457
46767300
50462229
49740736
52178280
54566330
49889217
53895185
50246762
48548205
48234178
50882068
47440152
47744366
49773163
46537327
49143403
48029379
49963029
51618921
52831505
53887504
89379299
52130067
50522815
49427564
164005337
52899346
150830313
113687321
53325585
55626168
54167824
51005802
52603239
51905213
50862442
50684522
50477589
49793216
46534767
49780843
57267126
53286331
57591820
48848151
183141312
66690048
49705750
47564313
53258599
48345965
172683299
46650394
61465521
55646649
47116313
50414016
53807291
50451136
56096782
55321529
232907648
52831506
96721369
51966654
47147460
52043880
57726219
120923578
53061052
50992575
47532312
47344579
49275670
54682810
49332844
51178602
47991405
53332412
47232366
53698064
49465110
52981266
49171564
49299563
47886445
51576254
47779353
48898071
49087084
52293907
46517274
47289540
49179670
54001851
52810173
49713430
47436312
83450773
48093805
107295436
50235243
50615828
52414653
52593852
53835452
50351296
47099246
47241752
100174805
49831617
96345476
64194478
49952362
48120259
61413895
111819803
135818919
47689752
50797161
52135186
69069565
101573416
49797056
83953386
54073531
52020413
48827244
100446165
45967301
51095828
55037796
52901052
47362072
46864580
49256470
47579245
50809961
49735189
49485590
47680366
49309377
101392937
47785325
48632685
49769750
49257750
52968466
51925267
50351722
61050801
57504780
54117477
50292843
100856191
49128897
49470230
46902980
47321540
47750765
49654550
48006339
51639400
50161429
51810067
50484842
53627664
48241005
54052197
46986607
44474823
53855505
49980096
49825642
92130442
46695193
50146069
49028631
96286597
46026181
46526234
50714815
48620311
55734542
51427774
50257003
54241637
48661698
59824564
50168682
128458502
96191877
48880150
49481324
47196526
50782228
50310762
62478000
46793326
50900415
53160038
89538019
51763987
51056148
48565697
50002709
53120358
50329109
52396733
54041957
71895801
56057955
51598441
48588311
113112175
52530706
48171032
117569556
55714062
56272141
54428944
106986103
49680150
47387246
48397165
48476098
47923139
114067480
54022331
51561747
54019344
49091777
52983826
48973163
50272362
50744681
52426599
47560472
47407299
48026819
47619779
49168577
48591298
52528146
51094975
51352681
49791936
138157477
134311081
51573267
48990230
55958542
50105109
49900310
49019671
49247083
63334746
117291797
48266604
48862231
53013692
49568363
54258704
46417008
49852096
110177565
53846544
51579667
49670763
57301260
50527935
47830979
50119189
107254476
51022015
52138173
48945431
53001319
104832719
