-----------CASO 1-----------
221758863
315758103
110161353
123342776
297286020
295011889
168592851
109854153
202790994
112071964
141611765
114131907
107336823
106790690
266641152
110903751
120936805
102662696
220076518
126286345
102516349
102393896
105971064
109802953
107448183
106324344
164371843
97438169
112091163
134058495
163499311
100796457
97242756
117658302
110229619
143883336
235161726
150021354
100701311
98413100
148359917
108342048
99768619
100988031
97020462
98723287
125798665
169749116
112355697
102703228
99154220
201245609
133400576
125602400
104354426
106091811
95028359
103683280
115986625
103935014
108989727
215555137
157900171
109485940
116130838
107688395
175868788
178367345
98380248
158532064
151937939
120333926
189779384
108230688
105803384
158492384
138203130
160136329
136372732
101901523
147399918
97671981
217402175
97736408
190497036
103770321
167999358
174276044
100333952
102061950
98778327
95859931
132793430
143748936
132193537
110197192
102268456
102748882
113120282
102457469
174475723
109418954
100344618
98245421
99788246
99233580
99266006
196872281
99057794
112630043
95269425
166362240
109861832
61407921
170786341
112522523
165586988
95594118
174952736
101591336
173761484
109649353
394474161
105682638
145609200
105994957
127494236
103039442
102385362
166363521
168942717
102596562
107935436
216205803
96284463
108087328
106973304
102937042
95145691
96184623
101037524
97214169
95239985
101860563
101589204
172519459
102700242
100451285
97002543
157266998
108277622
102045309
171127248
583637013
216126443
145128347
183360618
103102588
146454426
241537397
102111442
97721475
95940571
109476554
188014693
153119377
157311372
106485197
98539820
99894486
112051057
111389298
110864071
163829551
181125742
94294492
99345366
103775867
147975917
306368888
104549839
99182807
130297860
105292238
99119660
102874321
97898542
104045946
98522327
108307062
106119971
97717635
104320720
102088403
122258617
139707981
99752405
100413738
108610421
101376297
99764352
151854739
211640049
95802757
99821526
228232241
95340251
98680193
96755076
121086991
96222170
110544925
105636985
101303337
105613944
98568834
101509843
106713890
105237199
108624928
100955177
96195290
97499181
118009449
104066426
99491286
157268706
100320725
149690262
103132455
105524771
97832408
286915046
114735213
96169263
178022599
99609473
172276686
101731710
97679662
102455762
106247971
151329513
103388881
98347394
103128615
104897999
98661421
131629485
116689344
141416779
127219464
101673257
98759553
224664032
97828995
98411394
294944476
100703445
227828616
180450329
99068460
108857461
95034759
97623342
98078168
206017443
133764949
103078268
112872815
210243144
217281002
176406387
103734907
108854474
104042534
103428988
108856181
95583451
179054278
101792723
130193753
94953265
105823865
150773141
95942704
97963822
101699709
386414439
130144260
110186525
115040706
101991977
98778327
100387712
225981150
102315815
203184380
103586854
134628947
110005192
227523549
95139292
99318060
102272723
97817902
92928735
97077636
154929721
101632724
108630048
189639010
104617679
161998726
228431495
105625038
930676569
111417457
92892467
109196660
130203140
167853012
101590057
107771595
102815015
179762117
104080507
96766169
273168290
97185583
96295984
103160615
208696053
100645844
102209576
103362855
138439929
97820035
103133734
218048575
96589956
103223761
102074749
102335869
95814704
158938250
100947497
184519444
107126476
102260776
104159440
95730650
158718517
104560506
95647024
165761494
117884435
143161843
99801472
102890535
164383789
104341626
172199460
175092683
214628419
101888723
99015980
131054766
113948441
95334278
104957733
109942046
107034317
105960398
143032564
105735118
206901069
234614740
249627840
97564462
116699157
127911943
104613412
103374801
117174464
99961898
159822302
104220027
100640297
147427225
98449794
231184344
117935636
96725636
99317206
104023334
104005413
103581734
198769239
103651281
-----------CASO 2-----------
174046497
153312657
180119236
99715713
127187891
108626208
111814257
116671851
124078348
111344071
125097227
117716756
127977223
115524546
105912184
667790932
107928182
117309290
231579011
150253887
214029806
153491857
100965417
108592928
134814975
115905985
116500331
110626845
170070823
108977354
105509412
181942380
101209044
97627182
120679525
96611290
170418555
101897256
96722223
151613673
106804770
103626534
101235923
105571278
101033684
108351434
103575334
160367155
96824196
140324941
99511766
161726513
106767223
103463547
101935656
102058963
102711762
169662930
114427160
99684139
266160726
101441576
126838451
154735588
106186104
96160303
109380980
100015658
107264716
95694811
160791688
221964516
110399432
94911878
98413527
101610963
95960624
102273576
388438543
102095657
100426538
171377274
99534379
105726158
104002853
130169433
100504191
343322014
95862918
102768082
103426002
132381697
174258977
102390482
119610300
143276617
153761083
210918557
98831660
132478124
160820701
152252391
105933945
718225854
270941094
101216297
181761474
97852035
168286504
96493103
97434755
101069097
168592424
194956978
104541733
224154166
203711312
104486693
97682648
128336902
107571489
233186689
146038853
210181277
109472713
148816023
145886533
208962292
194492764
133008896
233384662
156501560
204448165
108043808
103908134
102303442
135676413
123931148
102739068
226140724
183350806
230374532
108874528
115155479
106095224
224102113
107068450
102668669
107900875
107139276
168712318
160850568
97209902
96000303
119429394
232184876
101402751
162177499
145702640
117243583
179383664
124538721
111023218
98443394
95050972
135259560
196649988
142838004
222564408
102115282
95144838
307812726
142006432
97321689
129383088
106391331
108912501
103924774
120385126
98876460
93296094
118333715
105055866
107434529
111260871
97767981
96399663
124167521
269738748
102795388
160494728
179002224
100710271
189204238
95525851
151538153
140435447
100310912
99603926
99382486
299987243
111780977
241525451
183291499
205001978
104883493
170116049
126213385
110328606
113335322
99638059
97963821
109285833
115642305
106267598
206229496
96489690
411508380
100387711
104045094
148351810
105997944
176822387
100878378
177839986
100522538
100066005
176874867
115665772
98663981
478495814
99666646
152038206
102564136
172769485
114309400
114689986
109668553
232128129
101372457
108796021
100726057
119542461
428138545
105861412
99693526
97543128
183273152
102591868
97263662
115089346
145206001
97206489
109554633
106648184
152425618
100607871
116141505
100432511
116134678
98440834
428894171
95132038
98202328
218176574
226797363
101035390
142783391
101666856
145665947
105139492
107009996
169948370
142606751
188308666
239080654
123054776
203763366
186957840
104297254
156229773
225710217
103628667
104455546
116544704
102919122
101002964
100150059
120030139
225411125
140000674
234087380
258399669
101135231
96673156
106081144
96177797
100626217
112297243
130203566
94931505
94563719
265394434
113702255
149168876
229963652
101215871
151395647
99000620
105597305
149431702
137194491
98666114
99455019
105065252
104448293
112647962
132502444
107934581
222259769
138981795
96729476
105365198
184530110
104017360
125388639
97066970
98750593
99857793
122711310
195239430
125843892
120455526
261792945
108120181
103839013
114964759
160317662
129521755
99747286
99692672
99946539
101658323
103512614
101297364
100487978
213809646
100528084
184248511
127041544
132708950
274473462
104472613
100757205
100261419
107913249
110393886
143929416
165010562
120395792
227188189
123261709
133227349
514410009
140959393
113217562
108184181
107553995
104827173
104288720
160722994
106363171
98664407
108229835
118733075
143414430
132159831
244526620
155663588
101023444
105302478
122137870
101003818
115162306
167152853
104767866
100968404
113729988
541296374
101173204
163916163
109090420
95635078
178348572
1395176027
155092281
145631814
102070910
854542266
293437918
-----------CASO 3-----------
181512727
107737889
664142510
170891301
102570536
197103108
105140772
172083406
109095540
420257595
158597770
103665788
157234146
106350797
149077569
202294354
113545242
135510867
114613187
112576282
111176817
160185395
228849200
114419054
170267089
112300230
108559221
97231236
102369149
101556777
100155605
106386211
102675496
109515807
115082093
105107065
95398278
110027806
380403566
110007752
97344302
98933634
101237204
99327446
107187917
155757027
176822387
108099701
183401578
283091264
98233901
122823949
117434729
147178052
108928714
107694795
294174770
112003270
102456189
124589067
110629832
97060996
97320836
391569845
160819421
212071835
148455490
231540184
99769899
183569258
104108240
105718905
114964332
159020597
347604035
110462579
163267204
172303567
101154858
98353794
110070473
106378530
99807873
94498013
101943336
172322339
99135873
99579179
96955183
110227912
102313682
132260097
156699959
100054058
104677839
93514974
160311262
178490652
111272818
103096615
125502559
101751336
102137469
102774909
385367827
168295464
163619204
169163730
104688933
110821832
112819482
103456294
101121150
99184940
105649358
96762330
103367122
101738963
105034105
172199032
435516456
102803496
100918057
182404887
100229418
189972237
129197061
1924977590
102694696
109373300
601186644
708927520
848158061
59206324
137871184
118866195
102490749
102675068
114159640
107282210
99280086
102784296
97223982
109139487
393543177
216433643
156752012
99704193
100049792
301653374
97957421
111513884
107808715
125042186
188373946
158513717
98628567
142841844
100713257
163124698
106629410
356613090
116040811
142099445
104256720
100526378
108592501
128769115
111599217
98834647
120364646
112568176
102930215
204982352
166623786
111952070
102311976
146144239
261042012
99604352
102811602
100490964
170756048
103645734
163836377
164931629
211338396
120012646
104143654
97691182
101359230
105064399
129404420
111421297
108814367
118661822
108385568
123971255
102146430
156019854
102523176
158292277
106857250
112406043
107772448
98942593
97185582
179706650
137293905
105633571
101604136
98903767
108270368
104004133
110376819
106306851
121878458
103126054
99441793
111456284
99654699
101371603
100907391
107705036
102306430
109564873
96413317
96747823
97537582
98189527
104208507
95721264
100292992
115842839
222077583
161421873
118814994
105647651
168159358
167137920
189175651
116497771
107787808
159839369
99939285
125389493
222159076
157722678
103256614
120317286
101529897
160220382
102695975
110361032
95985370
101057577
173218765
97311449
104426533
204357712
101506003
144277575
96935982
98070061
107451595
170128849
101638697
106370424
113222681
107066743
107492129
103370108
128435036
240480545
366187478
166536747
183608511
95769478
104913359
106546210
113207322
120724752
155656334
101460777
103641468
99665793
99351339
98433581
127705864
215495404
98655020
95485744
125678773
111164018
121025125
100612564
311110002
96481583
102345256
99424726
100103125
244858566
413731310
100770858
93118175
104517840
100751658
209610825
115006573
103875280
165005869
167509972
94832945
144327495
241961931
191158795
262864304
152472979
465808897
99751552
101038377
104399653
109124126
145748294
218825960
114786840
107973835
360073779
363483695
183860671
105921145
116344171
120493072
105034106
378287302
144605681
117082303
98293207
165582721
102509949
100939817
104392400
156004067
100469205
106443384
160441395
263838382
113075482
94709639
95862064
93593907
146255600
224188726
167466452
180559982
130920365
99200726
146104133
96887342
161797766
109657887
103849680
100622804
97484675
153246950
103360295
166296107
202702247
112769989
106798796
103183228
163924270
116248171
151364926
168536531
104560507
108559221
97470169
231523971
97599448
107158903
96620250
160604808
117990249
97186436
100313045
153275537
108860447
99695232
119730193
146413466
100222592
100878378
171499301
234152660
130459993
158820917
157899745
102261203
97503448
-----------CASO 4-----------
108698741
104868132
115152066
105638692
102577362
185357843
99517313
100649685
97711235
102948988
168953811
205318137
147594905
103593254
116644544
124541707
93589640
262490970
132645804
109658313
102669096
109704393
319085245
217424361
1026576179
104608293
119785660
111644444
101850323
102844881
101461631
99670486
95443078
209001546
154031163
97815341
177297693
100111232
268880295
99655552
100496085
107407222
183756565
105610958
352916882
273555277
105098105
154920335
408939850
136326653
99090220
98459180
100185045
103672187
102706215
112882629
124897120
178620785
241056118
126523998
99097047
104786639
99610326
204579152
208176374
98640514
200188330
162372485
406886306
111110258
102067496
98972886
101229097
98564994
104478159
109671113
150800873
113485935
98518914
108078795
509766601
102504402
94854279
103925201
168626131
101019604
276658846
105980878
99106860
104283173
98347821
110908872
101457790
102102483
98049155
135824893
96920623
101843923
100849364
103205414
98900353
106756557
112858309
159266783
114966466
101868243
819214738
98750594
171643941
112808815
152446098
110983965
204720805
102354215
115363692
95836464
218367720
102272296
98491181
153696656
105799118
109979165
99659393
102439976
131161859
110963485
134061909
102621309
98321794
113012336
106593570
105543545
97384409
100395391
105788878
141395019
203074727
184301417
104237947
116921023
156171747
288078564
113262362
145821680
94291933
172320633
105639971
110936605
112284016
149214102
102912721
101000831
129363034
131970391
192788233
141248246
103625680
110171593
103151228
108755914
103762641
109401034
114815853
114440386
114320494
150398528
140292087
102758695
99699926
97743661
97634435
107460983
99894486
143547549
100644991
160962354
116489238
103119654
150854207
100816084
168293758
131812525
130500953
108487114
99886379
103032614
100103979
161008860
221294651
140359927
99796779
100708138
98383661
99976832
169052797
97300783
111742576
112979482
111383751
168825811
135804413
107884662
97785902
99289899
103476774
116211052
104051494
108156021
114732653
110361885
111694364
158583264
102019283
364422360
185115923
99311232
99617153
98893100
100927870
99906006
98658434
134609321
121863098
106063651
158474891
102254803
108342048
114521454
102777468
217527615
182972779
225761418
150437354
100665471
107371809
94893958
99591126
101788030
95002758
94178440
95856517
107366689
97470595
103787814
96314330
100719231
100951764
100182485
97517102
151933246
104134267
99821953
171187408
170124155
106748450
100535765
112341617
153228604
111493404
129406555
126834611
109171487
108855754
116962837
102513362
163294938
102233043
100066431
806696781
1668289704
104158587
124909494
190359649
106965623
104067706
107994315
100556244
102566696
101453950
141237579
95885531
96139824
107159756
110360179
124610401
187486906
131637165
256258232
110296606
190820449
99742166
116242198
102650322
102535549
110143432
96544730
169113383
108009675
101966803
99495552
129083995
159204916
96862169
101834109
110718579
98851714
97596889
101305897
108754208
101031124
105739385
110105886
102067923
108976074
108424394
101144617
141424032
109834099
103019814
109837512
103637200
99418753
100011818
101216297
95953797
100994431
99044140
168452905
108723914
100877097
113515375
160288222
110494152
146409626
147033839
229085573
102020136
188227172
155848760
106976290
165865175
102514216
94573958
97918595
102731815
98476247
96344623
100117205
147463065
102936615
101530323
100695764
106448504
104048507
110299592
98294061
127410610
164521176
114116974
94907612
106123385
316981781
103934160
212930287
104046800
97682649
113342575
110246259
99890646
244765127
147027439
97942061
163634138
206907468
175445962
97612675
104590372
159009503
100786218
99639766
100881364
102684882
95346225
119054781
99572352
102996775
111642310
105822158
215036738
104881786
104575866
108057035
100689365
98139182
120723045
99029206
102239869
115124332
102963068
104828453
-----------CASO 5-----------
104524239
101512403
97141635
102019710
143629470
119847527
103861200
102963069
112042950
97508995
177246493
183236886
107921356
256506125
102558589
108920181
148545089
123091042
177150066
103888507
110720712
107714423
108005835
105560611
147307758
94952412
105339599
182023873
103682427
109087007
96152197
93604147
97728301
122122084
139544994
95236572
105735971
143131124
102020136
105252132
164859096
134501374
160138888
95825371
132506711
198360493
124752907
95003612
101016191
97303769
112182043
102844455
138343930
101244457
168204158
141755979
134206975
104318160
114552600
106483917
116281451
100425258
113048602
151562899
142633631
196694788
201491796
100522112
104594640
103977253
109049034
97839662
107378209
99702059
103598374
172829218
94579506
110494579
171100794
99201153
186401468
100908671
100332672
108011381
110096499
169223890
101519230
168273705
101645524
109865673
97828141
99463126
106558584
96084357
182600727
165640321
116144918
102452776
165174829
102934482
126809011
99772886
102107176
102172882
103107282
191248395
116542998
256911032
140559180
101375444
110561992
105094692
99907712
103170854
101718910
113714201
107571916
114921239
103731493
117217130
106339704
100334805
103230588
100156031
193795165
99763499
226695390
97322116
280889241
96017370
159662302
242349770
97250862
172066340
227032030
135734439
155194255
211734343
204451578
104793892
165028055
112618950
96895876
107010423
99975125
102977575
110832498
121936057
201420969
105223119
102956668
108214901
98682327
119993446
103388455
97198382
161315207
101249577
107649995
98887127
102242856
144853148
164794242
101150163
128557489
123455415
98166488
96223876
96840836
107617995
93046068
103512187
108119328
264211288
100740565
174631883
156959373
117662570
112279750
98780887
95958064
96100997
99931179
113740654
135455826
149725675
123184909
104074534
102312402
101340883
100599764
145813574
117443689
101374163
132824150
180225475
101750484
156007480
112472603
104425680
111370098
103943120
193028447
129338715
176082548
103904294
236975910
123964855
128744369
104481573
144859548
95437531
110999325
104299813
110757405
101149737
100729044
105273892
104288294
100444458
102141736
96611290
120579685
105471438
100386432
98545367
95897477
96936836
151923432
109511540
127870130
95531825
119457980
151425086
109537139
105529465
99809579
136664145
109523914
99959766
141829365
175447243
147093145
184517311
114318787
246224751
114990359
107172982
108002422
188450319
100882644
169295570
267806804
155191695
169682557
100294272
165034456
102719442
107658956
139894861
93890013
100696618
104292986
101471443
162622939
100433791
173071139
95132038
150230848
115814252
100796031
107396130
109480393
100831444
103371388
174586229
147801837
141104887
183051285
133571242
100367231
229010907
152088978
96074543
104847226
96055344
143577843
102447229
170302929
105437305
177581853
99880406
210430024
148417517
98101208
100293418
104046800
147108932
105953998
100795178
128600155
104646693
241437557
98366167
110029939
101062697
95821958
98108888
101504297
93801693
97738968
97937368
95445637
150113941
102864508
130218500
102439122
125837065
186891707
127000157
103589840
206642936
103646161
115471639
100900565
121636537
121555471
105427492
119070141
94934065
103940560
150687807
96530650
117448809
170930981
155191268
101889576
106244984
215524417
104470053
98768514
94255239
102044456
102148563
111480177
103967440
99663659
105523065
102230910
105559759
103409788
104380027
106823543
97970648
228874800
153320337
106941303
101303764
133051564
100221739
101357097
103028775
97916462
101018751
194631857
101583230
95832197
100808404
175175882
108915061
167723305
94295346
123684108
233938473
103858641
104691492
110754419
309730164
103498961
100895444
106143438
109971913
103778001
104957732
102994642
98518060
360776498
160960220
100778537
141848565
102841895
100109099
157168012
100850645
118736914
100996991
131937965
102865362
95725104
97689048
-----------CASO 6-----------
103225468
98801367
132863404
114846573
99154220
104213200
103926907
98106328
128957701
112949616
98483074
167557332
228045788
120256700
147292825
145732934
126071732
113024709
121614351
102099922
106414798
100731177
111094044
180843288
105429625
165442775
96635610
174968949
153933883
101208191
119086355
95216518
105830264
105640398
101845629
98664834
157344225
106091384
100603605
139534754
99788672
108724341
164942295
131338498
107792076
105464611
161033607
109427487
98036354
127879090
99548886
166078507
167070079
105131812
97649795
153603216
152720445
161083954
99848832
109805512
161879686
100026326
103656828
103922640
200038144
163276164
103823653
163666990
169729063
100551125
103487014
99605632
113896388
139521955
121198351
151607273
100944937
216867563
98966914
130742019
142557258
102401149
106192504
96457263
93958280
165391148
102485202
149011863
94779612
92004576
96465796
141704352
105106639
101324244
106668663
101857576
171288527
97214169
99320620
363345455
113978308
134726227
127632049
168732371
203640913
129064368
223442061
102826535
114093933
104362107
240256119
168097065
95822811
94424199
117637397
117524329
107917941
99039020
99586433
160484915
111518150
231537197
95855237
117710783
153047698
97932248
100755498
107987915
103163601
104618532
153420604
239588387
100373204
133790548
103493414
174638283
133450922
96865156
114029508
117938196
103422161
152608658
148932077
151130260
104462800
125524746
98214274
103844560
151813779
130622126
159139210
120830565
165936428
101375443
228298801
109633993
161784966
108333515
110213406
106665250
114800066
103114108
100851497
102724989
162127153
153451751
107264716
97988568
106611063
172230606
127250184
154815375
200947370
194561031
107795489
162213766
105053732
117453929
101338323
111462258
100759765
113908335
102660562
154498789
96757209
119396113
99658965
107275809
139740407
114103321
99491286
150505621
97213315
157247799
96532356
107283490
179926384
107158050
110600392
97131396
156494306
104635600
98009048
166557227
111513884
108217035
244409287
102656722
109363487
113799961
103031335
171329061
146495386
97160409
166175787
132583937
105929251
133957802
108772981
107580449
110323059
96160731
99265153
102044030
188435385
127348744
101649790
107485303
105718905
105442851
242920222
115788225
102438269
241501558
126899038
101853309
456965388
147727598
108085195
108740980
101714216
100216619
96791770
139978488
212820634
107360290
104402640
104831866
143024883
122812429
98151981
99842005
99021954
107788236
100642431
102015870
96580570
98658433
98301314
97682648
99047553
103340241
141563979
109741939
103617148
147770265
101590483
101523923
99322326
96328837
97986008
93787187
173873271
101783336
106913570
151200660
95658971
155882894
95074865
109312287
99117953
115987052
151298794
117268756
100142805
100814804
106152397
101712083
143381577
125160374
105383119
160337715
274298955
103502374
101551229
102646909
118088383
107058210
108583967
98525741
107195596
106190371
153148391
118504382
162017072
100916778
98097368
104467493
105676665
135789906
104507173
102673788
214324206
171264634
107274956
151795432
100030165
163404165
101056298
98468141
116610838
104944506
166584106
102423763
95682011
114268867
116473877
98365314
104125733
116778517
157619425
179027398
177588680
107307383
108772554
101525630
118619154
103943547
103341521
109835379
99782699
179047451
115963158
166427520
109558047
156272014
103258321
172072313
109322954
161049394
186697574
111665350
100730751
108357408
105688184
338441807
194453511
114086254
107586849
130622979
284371263
100086912
213492633
103895334
115411479
101464617
121108752
103286054
97840088
138643022
103612027
98984833
160183689
102887548
103539068
113974468
100809258
123019362
164710616
95918384
183066219
104699173
104205947
103282642
164071897
229225094
100618112
96609583
220083772
171399460
95521158
196748974
107682849
114816707
100801151
101479977
101998803
142099445
100533632
110236873
-----------CASO 7-----------
134492414
110364446
99947392
105694158
97510702
102198909
102415228
97009369
176544627
100615125
94862385
93003828
161558833
105122426
152389352
162112219
96410757
97631022
104207654
106060664
100094165
96937263
112608709
100306219
154020923
94997212
106406264
103383335
105530318
105505572
102872615
107828768
104803279
102231335
100938111
109823859
189953890
173152632
223973687
96469637
107745569
99623126
173619405
105632718
109030261
98065368
130875139
100460244
124272054
109346420
150921621
271505999
106337997
101989416
104066000
109140341
97084036
114593986
96077530
99875286
100057472
144900935
251369918
103099174
182201367
102682322
101661736
144131656
150971967
106356770
104283173
95321904
101727443
103463548
109861406
99655126
97765421
99723392
102198483
113266202
98020141
101172351
107492129
112778522
147984451
104751652
106523171
115990465
111699057
114352067
129603247
178590491
110586312
115456705
105139492
98471554
101786750
115712279
162051206
218151827
121917711
103697361
103446907
122479630
100836565
101866963
103775440
134064469
149318636
245364166
97564461
114409667
100220459
100255445
197367640
95703771
101487230
130500100
241528437
101840083
101014911
147989571
100966271
110489032
110953244
104335227
270114214
103466108
99024087
104002000
95858651
97895981
111996017
99080834
102681895
97599875
172141006
110461299
96471770
104707706
99675179
98925953
158177505
102688722
98146861
106559010
105526478
215872577
151891432
125498719
124505440
173863884
111481457
132196097
98346541
100502911
98095234
99651286
103124775
110966471
172627406
106602103
103027495
101040084
100911657
127555676
112518683
152272019
110219379
98135767
133061803
124193975
148213570
97700141
101372457
157301558
100016938
160108169
95050545
96196144
142850804
97260248
98247554
97705261
137035771
103203708
161944966
108205515
167617919
122814990
104558800
102986108
102614908
102367868
98944300
148258797
106308131
100927871
95548891
105908771
152231059
103362001
162611846
94706225
101062271
171544954
216091884
155160121
103096188
96510596
111777563
101234643
121235045
106467277
95703771
103589840
142664777
95629957
125007626
96368090
95164891
100074539
103262588
96028891
98983553
97097263
100090751
102944721
131399938
157018679
172019407
175282123
174873376
102215122
120807099
103662374
120746512
106954956
97519236
102923388
97620782
98009901
162884059
148310424
110371272
109092554
168163625
141803338
168351785
97523502
100016085
95104305
99068460
198624172
117553770
102997628
101760723
137079717
126494131
95382918
95057371
99877845
177572039
185778535
146844399
101706110
104594640
171955406
104022054
103985360
113999641
199595691
100558805
97253422
109020447
96458116
112380869
96225157
102727122
119412327
108432075
140330060
97938221
96193584
97545262
106820557
106148558
98024835
118113983
236065404
96240090
100599765
119823633
95853958
137334010
100075818
95438384
101084884
97564461
102178002
96413317
102483922
101590483
180754115
109634420
163678510
94397746
114153667
101241897
191450635
94442119
100545578
101640403
145798213
168715731
100175659
97176623
187419494
102331176
120070673
100350165
216069270
103378214
171061967
167409705
118245395
98031234
115880385
101063551
145821679
97835821
96118491
97450969
99646592
94681052
98282115
102731815
105738958
95766065
102511229
103411494
97775661
97654488
105784611
102733096
98564140
107914956
201869822
126813704
189303224
120831845
108374048
146669892
102858109
112215750
114518040
103034321
98457900
110765085
106479650
98084141
102556029
96955182
139233956
101274751
105210319
97920728
153424870
94161372
108028448
196153349
101003817
102989948
99537793
137474384
806963021
99370966
616996330
115426412
527138311
94967772
104716666
96232410
111252338
93496200
114830360
95324038
96043823
102040189
154603322
153453884
107357302
106810317
104071120
98135767
101666429
103524134
113947160
98162221
151100393
-----------CASO 8-----------
103805308
258738442
103148668
159945183
107870155
100512298
104464933
100321578
96225157
179774064
100889044
102651175
100908671
215322178
172239993
120523793
137054117
99037739
151361513
169313490
166301654
199809025
101446696
107815969
98566701
111291591
109931379
171850873
96163290
186438161
175407135
100726911
111820657
101645523
101970642
114527427
99053953
103452027
99676032
112344602
102512509
97104515
161645873
105249145
96036143
104521680
120466620
210687730
95184518
162294832
98788567
102369575
111320604
194518365
96569050
139796728
105196666
102647762
105298638
113587054
173429538
100909098
99569365
185950909
104636026
100595498
104031867
95352198
128112476
96084784
103978106
117102783
181829314
98175021
183723712
101175764
163797977
103150374
116462357
98346114
105461199
98968193
102190803
106548771
225419658
113838361
108569887
164680322
96565636
101787177
101834536
202402728
102062803
108214475
115753665
98822273
134196308
102544936
152577085
103173841
179225371
125892105
100695338
102498429
105567438
96805850
99373100
210043464
109556766
194639964
99451606
141996191
95010438
96761476
159601716
156518199
147132399
94342706
104033573
147647811
101576830
153497403
145529840
103184082
102839762
119489554
104483280
145534534
211119516
105560611
364110468
103352188
101326804
104354853
103955067
195227483
101823870
201513556
173769164
99396140
100100138
145470108
179994223
104880506
166757760
106804343
223241954
110067485
106514637
222296889
101113044
108412021
163846190
107929888
106191224
105804237
135578706
100415871
103135441
97892142
105918585
102511229
103953360
99231020
106231330
104627493
101053310
116746091
114877720
112581403
102213415
135497213
103439654
107084663
169501649
105582371
125771358
109241887
98676780
178473158
176583454
148854850
103827921
100973097
101790163
109022581
109796980
105874638
126584158
109774793
105986851
106873890
107743009
108415435
157772171
108038688
139850061
96306650
114842306
101106217
105307598
108903967
100020352
166602453
125948852
102783869
107224610
123099149
102083710
109075060
179019291
106978423
102408829
124476001
107667916
105723171
223710433
221861263
110913991
119604327
248676375
105535439
171820153
103230161
123978508
113089136
146743705
101842216
106485197
100749525
106500557
231308504
228250161
106291064
99993045
101385684
101302484
103894907
94382812
108913354
103922640
100440618
94165212
103370108
102954108
99817259
104342480
99840299
101847763
105810211
150568341
103123494
164028804
112013510
126981384
106697250
101828136
180551023
111426844
103786961
100265685
101386964
168677330
136563025
96362117
102517202
100908671
111942257
97803395
96154757
96815236
98225794
101118164
104409893
103066748
103996880
111355591
99568086
109857566
110443379
111129031
106772770
108302368
102761256
111164444
98031234
282833132
307682593
115259159
255005113
110694258
113521774
100261418
101410857
158783370
135118334
109077621
177108253
108682954
101563603
100048085
163860270
103628241
111329138
98413100
104468773
96871129
235730045
96176944
120103099
98360621
116586090
96719663
134373375
105235492
96505049
105819171
118506089
105052879
156478093
105593891
102717309
112873669
95015985
99934165
96224730
96432090
102332029
95650438
267444565
96894596
100989738
94841905
96269957
123239096
99030913
99600086
94429319
137739343
104259279
262999557
103259174
210232478
96817796
92891614
93479560
127725490
104426533
101360937
96042970
104063867
152111592
106122957
97848621
156669240
105941198
96651396
149288342
97444995
182668993
107842422
94154546
112497776
102502695
105610105
112117617
106314103
206550349
101421950
105460345
102669949
157294732
154727055
125639946
104667600
157301558
168912851
195782576
98052568
104130000
97523928
104677413
169422717
102895228
143704136
101528190
110625991
120464486
104393253
196460122
101381843
97514542
97398489
244393074
113557615
107956768
96935983
103289894
100871124
259767135
-----------CASO 9-----------
100569471
105039653
103673040
171847033
172637219
93844786
140027555
106783863
129994927
115118359
132906497
108181195
157205559
208315467
185063443
159721609
105345145
101863123
102585895
180670062
107945249
99344087
107097037
111151218
96430810
142528244
105445838
238584441
145795653
199582037
208389707
98074327
382168257
108967114
181832727
107972128
119809554
101561470
156128227
106958797
163761710
146541466
121707790
101657044
110121673
261233159
103214374
137339131
111946950
142936564
139685368
117594303
106965197
133329323
256611085
108259275
102968615
116633877
101587923
106699810
98595713
113906201
172014714
106012878
168406825
100470911
97671128
132157271
94210013
96574170
94261639
172212260
106029091
111616284
112327963
117937342
153828923
114833773
103600934
112117190
101826429
104570746
95738757
95509211
158146358
103311227
101203071
122149390
96994436
104963705
162339633
101239337
102643922
95233585
268490323
105902798
98054701
97870808
100225152
129003781
114652866
97185155
209092852
123463948
151548392
128587782
221388943
122131897
179119131
205082617
98514221
110858098
103216081
100928298
100159872
249912426
192242527
107908129
185408616
98410113
102973734
107957195
111193457
102049149
100609151
95555718
176543348
139402488
107551863
124672694
158631904
108298101
134451028
105656611
96907396
122965176
103085948
170315729
104054480
103318481
152398312
101928830
176261321
121975738
99151233
146805572
97330649
100086912
124603148
111006151
116454677
95950384
103843281
101973629
107110263
104586959
100817364
162033712
162259846
109816606
105956557
101029417
107543755
102413096
147824024
105306745
101415976
148056558
108865568
100982911
152270312
98885420
107013837
105166799
193392392
104707706
110967324
138250490
108771274
187702800
154632762
100177365
95913264
195652443
106493730
98093528
104411600
144949575
126237705
179502703
108711540
110233033
104772560
102531709
153721403
94243293
99981525
94731399
97292248
99421740
127087624
121343844
110526579
169208103
97393369
95885531
100322005
99743445
98139181
104588666
99993046
100056619
102123389
95226332
95338544
95774170
102952401
164578776
219097746
155969081
439888931
96929156
98440407
96889903
94529159
112598469
95502384
102946002
141044726
415128216
165465815
171386660
220635451
159847475
208061174
98538967
99803179
95420037
125985119
102491176
219363133
96853636
108834421
95295025
163687471
99142700
98424194
103339387
97337049
141282806
176852254
101050324
99060353
96530223
102189096
98483074
96807982
151301353
170962127
106242851
98692567
95889371
142619977
101235071
94638812
100085631
96944943
112398363
108077515
153359163
101710377
109969779
97801262
96362543
106421197
96439343
101453097
109578100
163716484
99929899
165188482
175097803
138337529
100808404
121919844
104761893
127559090
227608029
119017234
121735525
98112727
97005529
94547079
97173209
212774127
96044677
95874011
98224514
198288812
100944084
98430594
96031024
96737582
102672508
101969363
133145857
96238383
103748987
98148994
164823682
118109716
100685952
116448278
98175875
221365050
100348458
115297132
147091865
109810632
166407041
110408392
149329302
96333530
97140783
99879125
97513689
151047486
113279428
95358598
98675074
100366378
103487014
174694176
113375428
154958308
101235924
97932674
103350055
447270681
115025773
106619170
103803601
103440081
169965862
97813208
97524355
97542702
100116778
204869285
126019252
190280717
133903615
130677166
101057150
96816943
116684651
103483174
105632718
95929477
102265896
121956964
100463658
179901210
99042860
97385689
252533010
101575977
136152145
103075708
105862692
102260776
109099807
150021355
98061528
95609477
102040190
101785044
100462805
129127088
99492993
131993004
93113481
101274324
100635178
104365093
205001978
98222381
105293946
101510271
102249256
101908776
169012690
96984622
190968075
128261382
105657891
165597654
101993257
100327978
126391732
-----------CASO 10-----------
112437190
112494363
96889049
103687974
132950016
112132977
126350771
100281045
105020452
102596136
114163907
103271548
150337940
103983654
102331175
104751653
103546747
107679435
102242430
100556245
545874927
186763281
103923494
264955821
99711019
95178544
159438729
306589474
96009690
98615341
108363382
103932027
99025793
94112733
161386887
96893742
103082108
111269405
104601040
98763821
99739179
178343878
106975437
108868127
99820245
98285528
161552433
211292316
193744819
104689786
254537061
104323707
105150159
153696657
101284137
102100349
95052252
182296940
122279097
111071431
106274851
100618964
115916652
180159769
97276889
97188569
105002105
111172125
101843070
97333636
118393448
241739637
100999977
103038161
97877635
149635222
98712194
137845157
95487878
103642321
123751521
108217888
123553975
101695869
97160409
94745479
109443273
96525103
101000830
204766458
168459305
103337681
174793590
205920163
105336611
94099079
100799871
137658704
101322111
158805983
212943088
221660729
134594388
102719869
133650603
101314857
98182274
125692852
127934983
97394222
110879431
145278534
98658861
110487752
162372486
380251247
140999926
157281078
116161984
102096936
106446797
117162943
98981420
120122300
98748887
102858962
219759932
97477422
241778464
101055871
95945264
107892769
98035501
110460019
112703429
98976300
111129457
99146540
107525836
121953977
102235602
104999545
110468125
169911676
169485010
113975321
249919680
114588013
132213164
100432511
123360269
110552605
118977981
98854700
149699648
104454693
109499593
112634736
96243930
114960920
117362197
140117154
108013089
100872831
175421642
104163280
96495663
118721982
119393127
163357231
102734802
110787698
177974812
104438907
103269841
139515554
102559442
97160836
98325634
101285417
114949399
155101668
195354204
216483990
96718809
99843286
97223555
99836885
121319098
99885099
117927529
203978406
142640030
191027382
164136323
118337555
95581744
172474659
99877846
95308252
98906327
114239427
147361091
130967299
163039365
96736302
103097894
100195285
95749424
95703344
95972997
102263763
102761682
100294272
96158597
217939348
105812344
206655736
100106965
101340457
142838857
96179503
98302167
97701422
105514532
111266845
105780345
190153997
102924242
97603715
168302718
159635422
96113370
99359446
135644413
95370971
97801689
110075166
111599217
100791764
106195065
123600482
142792777
163660590
103306961
109646366
107221622
138123343
100542591
98355928
188477199
95396572
98435714
102199335
102396029
106591010
102687868
98131927
120630886
96920196
210780317
100197418
135512146
195980122
140667553
101737683
111408924
211016263
105939918
133829376
97061422
106661410
95649158
101936509
102474962
100174805
100329258
101188990
99679872
110542365
95236998
156062520
115354305
97095556
103363281
97432195
105224825
116689771
101816190
95012145
186478694
108255008
107394422
153710737
100833151
97634008
149464982
119902566
97700995
99920512
103374801
96906116
102449788
224567606
100721364
99569793
103452454
132844204
149079702
101820883
98191234
106567970
199576491
96434223
105270906
111382897
105497892
104551973
106116131
129813167
111766470
101058004
101927549
101721470
102389628
240651639
162084486
118770195
179491610
124913760
127487837
100953470
141345952
111965297
97709102
98452781
140720886
98700673
113528601
161339953
103257468
151448979
219395559
190428769
98258648
98307288
99035180
100580138
118050835
101516243
101795283
100354005
103997733
114057667
107652129
120943205
180321903
152847165
101205630
130839726
96890756
119411474
104791332
104356987
101401897
104213626
96773849
155554360
102264616
103783121
102055976
105562318
151479273
132042924
101417257
137785424
94589746
110189939
166685653
97103663
152706791
158694624
179278704
112589936
96127877
142827763
143279604
101675817
151498046
100015658
103483601
94299186
96181210
99232726
174189004
97300356
98713474
143697736
98721580
116119745
