-----------CASO 1-----------
205415417
218339560
49595670
96353157
204535631
104452986
133488042
223675447
109222260
59816457
54841103
52018280
74266358
102250110
103095335
123879094
72102734
50928148
49033750
59454644
95984517
47777219
102387069
76124063
64412505
72037455
55679502
50474175
67773780
55312142
49582870
59142751
47182446
73829452
48463298
49806443
55820729
51611667
52259346
51295934
47315992
54273637
50227136
55524196
51833106
48953537
49689110
60508083
46104688
55975608
48959511
71758415
52751292
51475988
61344775
50644416
52859666
46361967
48339564
50497216
49107137
50170389
53558972
46642287
56185954
48475671
80118937
49225324
52423186
64140718
51680360
50397375
51132948
55149583
51235775
48024259
48305005
49838016
51003241
52546919
-----------CASO 2-----------
50639295
49779137
46245487
63903065
100946217
56667661
59086004
80038298
47395352
50514282
56468407
50468629
54589370
49930176
87588581
48150978
47690179
47213167
70995535
122463844
67717460
48897217
48206019
50707561
50696895
113718041
47859565
52443666
48345965
56453901
60633949
50481429
49788950
50160149
51738387
50614122
52946279
53977957
58076085
50631615
51219561
64278531
53986918
85436477
48315245
57065741
55280142
47979032
53323451
54082491
47712792
45435675
50879508
55610382
49583723
48765804
67685460
72023801
50461802
52842599
47364633
55389369
50993855
111094045
51211454
98411821
52628413
50301803
108203808
49852523
48551191
55434169
51093694
52699239
58782645
49130178
132079191
54567610
51988413
49415617
-----------CASO 3-----------
51000255
47058713
52180413
49629803
57562379
59074484
72893347
53090492
51560041
52355347
56014861
53267558
49849536
52600253
59359924
57629366
51298921
51112041
55780195
48869058
48297324
49545750
57997579
51758867
46035568
50407616
53443771
51549801
58149899
51546814
50605162
51406014
119653393
50717801
49980522
55376142
52226920
52112147
48400578
50370923
50833429
47554499
47991405
55278862
48083138
52345959
49554710
50319295
130578606
49639190
47635139
52821692
50287296
50770282
78367899
60549042
49561963
57386166
49383191
106157517
52791825
50409322
55377422
129420634
47418393
50050069
51142761
51968786
48238018
51283135
56024675
53332839
52110013
47312580
48782871
50510015
60525576
49424150
51547668
50460522
-----------CASO 4-----------
46392687
50858175
46713967
45842288
67255808
58894858
54645263
55103929
94911878
48440685
53583291
57702753
47538712
48725697
54039398
48354072
53262439
51955987
116348437
48839617
50061590
56127502
54533904
50889748
47121433
71381668
49103724
57744139
48559297
54821904
49567936
49009004
53433532
50588522
50830015
50976788
52190653
52694973
55894969
63106906
50507455
51275028
46089754
56278541
45253489
51351401
50097429
86985275
49765910
49240684
50655508
47830979
51400041
48273858
54116624
57335393
53682705
754003941
52538813
51433321
57129740
54979769
52165053
49009430
52240146
70737402
47728579
49118230
50110229
50326976
49014978
62431920
51384680
58111499
102523602
51250281
51251561
50249749
56715874
50286442
-----------CASO 5-----------
48028952
50699029
53636198
52197906
47681645
48352791
83166186
50033429
57559393
52047293
50716948
56697954
48217538
51195241
47912045
55217850
52610492
53764625
49612310
48303298
49992042
47343299
75464863
49733483
57157473
50619668
79301019
60637363
52988519
48646764
61010269
49854230
58584671
56880141
55133370
53470225
52911719
51699134
58444725
51557054
49995883
54886329
54242917
60351070
51047614
52943293
58766005
49156204
50728041
49544897
91564683
53042705
52014440
54011664
61081522
54329103
49495830
49847830
55133369
60888242
144629149
55781049
48815724
50320149
50221589
52412946
47642392
52158227
50691775
49388310
66329942
59218271
48129218
75696116
51667134
76389876
90161804
52371986
66611114
81562776
-----------CASO 6-----------
47659886
83272000
48231619
65187330
71059536
67239167
231541891
100464938
54612837
62869680
567145087
55075769
101654483
62003121
119318461
111289458
51353107
61363548
49546176
94032093
52086973
94753585
145677467
94353800
121198778
129995354
92379615
128427355
52455613
86067090
174620790
58576992
97695022
83042881
53667345
52995345
71895375
67559167
107588982
50189163
75203317
49792363
54761743
49212097
47938499
52994492
49095191
124831841
48696684
54307344
53516731
52859239
49846123
112689776
79545498
50977641
143931123
47828845
45340529
51200788
52967185
80680856
63583066
47586072
54122171
56778594
52073746
50897001
137542224
49399830
50830015
49589697
56161634
55667982
50379028
153795216
52757265
113022575
50770708
54701157
-----------CASO 7-----------
50925588
313918319
76691102
57765472
53716838
62087600
76594675
65242797
47050180
50799295
147936664
53678012
49300844
130942979
62713093
81183896
47657326
183839338
47067247
82831680
53109265
47599725
79557018
78730565
51347134
71973028
50900414
54350011
50002709
71106042
63117573
62207494
49881109
101161257
68488873
51047188
46076101
49442497
52746173
48651458
50255722
48640791
54827450
50841961
66402475
102628562
80607043
51659454
79246832
48246552
51935080
49811136
51012628
48900631
53561105
49665216
55304462
117771796
54213050
46947353
54411451
195631962
84476905
85338771
60536670
53615292
80135578
48757271
48482071
49805163
49530390
47447406
73764173
49427990
56726114
56275128
56244408
47433326
55005796
92590389
-----------CASO 8-----------
58736565
51963667
46533061
51654334
50885482
49663510
53415185
47360366
51366335
80790083
51305748
59592884
59602270
46704580
56715874
52615613
51359507
53737318
51565587
49702336
53451879
54413583
53579025
49289750
47871085
50652949
53320038
50905535
59300191
53843131
60554589
61411762
54840676
50272362
52955665
146701466
60598535
63816025
48965911
51274601
63426479
51870227
51562600
54678544
52460733
52798225
66358955
49122071
61495388
51402601
48361324
49497536
102026109
53276945
49395563
53832464
51803241
54884623
49999296
54076518
50987028
56565687
51589481
48757270
49486870
56815714
50917055
54131557
49087511
49824363
54966543
52861799
47184153
51466174
133460736
71386788
58487392
105206905
49624257
48825111
-----------CASO 9-----------
55474276
48566977
55031823
83168320
53442491
51025001
46171674
48319938
54572303
55098382
48210712
54520677
53214225
56126648
53458705
107766903
53615291
54764303
49764204
46222021
51608254
48840471
54153744
48876737
49072577
50702015
52072040
49995029
49516737
52676626
150192448
47291673
48700525
50944362
50885055
56030222
52988519
48394604
50991721
53217212
48273005
48388205
54913636
53840998
50011670
117395476
57134860
52667239
56479501
51618494
52986386
72320761
56701794
84293866
55218276
51050601
68880978
50801855
75000650
57064887
56383928
54171664
55741369
64784131
55957688
50689215
52225213
52537106
48831084
51867240
60162483
54176357
50608149
54252304
53223185
57421580
52117266
54387557
86816316
47616366
-----------CASO 10-----------
56533261
99568086
46060314
54603024
103527121
87998607
51598868
46731460
50399509
50217323
53545745
51221268
54640996
52988945
48348951
48890817
49124631
72985080
69826470
71589028
78677233
47825859
58510432
50553108
121165499
53366972
46376474
51818601
48459458
51286121
48845591
51292521
47986285
64920663
55397903
58248032
49953643
61067015
50153749
57314486
50024896
51967934
47999512
48523458
52209853
47315992
78250140
49217643
58350432
46160154
51564307
50844522
51855294
55193530
51370174
48827244
49069164
49126764
54858597
72288334
50859882
49305964
48602392
47667565
48979137
53734758
50576575
56682168
49644736
65942956
50100416
49354604
56895074
49839723
47627033
50890175
88318181
49131031
149125355
50935402
