-----------CASO 1-----------
188387599
152703378
111941830
211112263
149192343
418051732
334591145
236195537
187910160
122646457
185365096
126439091
207465548
168067625
150065301
119151208
204494671
143030857
113834094
128125276
172550606
103938854
130725380
246239685
151068393
172345379
113382682
104889466
103228027
102012883
104239226
115017240
145549894
187218107
99225899
112247749
114905879
126180958
100815658
101060564
114892653
106303864
102916562
109858846
102754002
124383841
111221191
121964644
101331924
112246470
102046163
162732592
105242745
99479766
166880640
97411715
112552389
186167229
115625666
174095564
94210013
93203081
134314921
96886916
160119261
96409477
106255651
113678788
102042749
96683823
98191661
101565737
108569888
97890435
99889792
95759237
101324244
183489472
102628136
99285633
-----------CASO 2-----------
167342292
100557525
105429625
107193036
100384724
108239221
105351119
107251063
108391968
104870692
105678798
94834652
136290385
99203286
105400611
101852030
113785881
97844782
103345788
93146335
109686899
138523983
99783979
98169048
102336723
112302363
100357418
94214706
105041359
113042202
134117375
95034332
104386000
100908245
124063414
97126276
102719442
97786754
138320462
108460234
104733306
169648423
107524555
110346099
106445091
97458222
99420033
102683175
107690529
105670265
97118596
96747396
163994243
95902597
114160067
98371287
96052784
100071979
105598159
108989727
112800709
106096931
102109310
102002642
101813629
104726479
105999224
102626429
122163470
96174383
109559753
104024187
103974693
103105148
103799334
99513899
103854374
99391020
100613844
113435162
-----------CASO 3-----------
178823878
101298217
105175759
97250009
100817791
101585790
97645955
94577799
102821416
98558594
97869101
97121155
101447977
121151844
113714201
110772338
111674310
97523501
97211182
93835400
113169775
100852351
127958023
141782859
97113049
104060880
119955046
97846915
114768067
118044436
142206965
99015126
95462704
96389850
98302594
95075718
99830485
101275603
105059705
104886479
94681905
103972560
113395908
96492676
96793903
99619712
143210056
100607018
110262899
99868459
99598806
107530103
125959519
97153155
105393785
101023018
100550698
114465987
112506736
97542275
100962431
103098748
98180995
102989095
102071763
124640694
100590378
109024714
183199766
97547821
100935124
109888286
135821906
94943025
97750488
99018967
102701095
106061091
104321147
103827921
-----------CASO 4-----------
110049566
104263120
104022906
114922946
109829833
102536402
96127877
136180305
99325740
102316669
99590273
100202965
175680628
95930330
95937158
99146966
95879557
98144727
98027821
115837719
96627076
111114951
113429188
113564868
107763915
120013073
97974914
96694490
104656506
158157451
102235603
106465571
354424720
104475173
102932775
192448607
106311970
104759333
103571494
147865410
106364024
101504724
143094003
98413954
95978544
111103004
97863128
101851603
102770215
114278680
101422803
101375017
105748345
126349064
114269721
119926033
106041890
108648820
115582572
95332998
161849819
103539921
184425577
107009996
94451506
174609696
101218431
122600803
444694044
100815231
100240512
147486531
103341094
106433570
96689796
98881580
121120271
129963780
97763288
130837592
-----------CASO 5-----------
140394487
105918584
126549171
96972676
95335985
118051689
105043492
101467177
105351972
95162758
94295772
105743652
98876887
103360294
99563392
133205163
96213636
95055238
210610077
104214480
97048622
102519762
121651898
98352088
109713779
102410963
107664502
107721675
113858841
141070326
160585181
107346209
172155939
128096263
199116545
119937126
116620651
164927789
102559442
137587024
104009680
96653530
180781848
114937453
101533310
103755814
107215649
101662163
109465033
102273576
104141947
102679335
103072295
101665150
124159841
196284762
131279192
113146309
118571368
103244668
126954078
125933492
100226858
136202919
194291378
102891389
104603173
397919490
130231727
107812555
132878763
163728430
194179592
112154310
100999977
140988406
120154299
99216940
133235882
101990270
-----------CASO 6-----------
172725965
158063158
145978693
119213501
160725128
158857610
128662022
252253117
177138547
149154795
177614279
199885398
171871354
325451530
175636682
118610622
106638370
247552537
107787809
122102030
160069769
143155870
220428945
182247874
236902950
153623697
232638849
152627858
161210247
136667132
128274609
168845011
139837261
201925715
125149280
104963705
103793787
114727533
104089893
150145088
102443389
102986535
131969964
99903019
111133725
101611389
95983664
114358040
98838060
95279665
94307719
104866853
101945469
95983664
156766093
111713137
131908098
231071277
99395287
111257031
111127325
103023228
95815130
94405426
126788105
102755709
97681368
95866758
121091258
107441356
94407985
100292565
149577195
104190160
151190847
107259596
222537955
143897842
103595814
150956607
-----------CASO 7-----------
116580971
156148706
267346857
190881462
294902663
145701787
179585477
103228455
134192042
118189502
140178594
102354642
184778857
169121916
150925460
134713000
112467483
251943358
111476764
208725920
171550500
139041529
104252454
122454030
124472588
146612719
129033649
110233459
101055444
96055770
165151788
106328611
138670330
109213300
170100263
128941915
196162309
126394718
106009891
144734535
130761219
138594382
168542504
135408040
185037843
115548012
100886911
109117300
128542556
99177687
95023665
94376839
149355756
123939255
99312086
158327691
98386220
105449679
140503714
116944064
94939185
107277516
176432841
181537474
103396561
110482632
99188780
101224831
108459808
108761460
97262382
104568186
124200801
101782483
97337476
170966821
102276135
106774050
100179925
102310695
-----------CASO 8-----------
100775978
122139150
110404979
97346009
103276241
152609511
110259486
102142163
106704504
162325125
104856613
95616731
101859710
135405053
174122443
102386215
96817796
179139184
100345472
102793255
105282426
151252713
102355069
105826851
105530318
107033889
103380774
99688832
165362135
102931495
120806246
137087398
106125091
119809980
98392194
96490969
96931289
97231663
98576514
103645734
97072516
102263336
113863534
102184829
103251921
96398810
108709408
101215444
134335828
111210524
97840941
103658534
109247006
96625796
124809654
129721434
102865362
130336687
153883537
123839842
95559131
106605090
106087971
100732458
98669101
105104506
101947176
158867423
100232405
188390585
154032016
97846914
103002322
98604674
118354195
105398479
104883919
101715923
107015970
102261629
-----------CASO 9-----------
108007116
100323712
99855232
97817901
95754970
120221712
122741603
103339388
99491286
101363923
99065900
94612786
155047482
108088608
117628863
169176103
109009781
92738015
131624791
95852678
170270502
96315183
96170543
97221848
113780761
107984928
104492667
183305578
96486703
123031736
102717308
98607660
108982047
98648194
106032931
94100786
97098542
107600076
96412463
102724136
101588777
103434961
101141204
96691930
94905479
103080828
111119217
103440081
109672393
115319319
108208074
114430146
150310207
115840279
102569682
107175969
128865115
102681468
119031740
101287550
154261562
99945686
117236330
105955278
169118504
110141726
118868328
112465776
174735990
108744394
133744042
164932055
158173238
106433571
114402413
106959650
127090184
100577578
97015769
101206057
-----------CASO 10-----------
108000715
110078152
109025567
117918569
103975120
112199536
98916567
151210899
95760091
118622994
160634247
96877102
163184431
97637422
139814648
102615335
147265518
90342284
106471117
96881370
94590599
113102362
104470479
100007125
99655979
108284448
102263762
105031972
108918901
154922469
119800593
102505255
102518909
103699068
122070457
106835490
106120397
96935982
98958380
160741341
100744404
132446124
100408192
143868402
121724005
97459928
95182385
161526834
99452886
103312507
109046048
99426433
96297690
100137685
99496406
99003180
111295858
158241504
107818955
102119976
97492355
102971602
147415705
102439975
157022093
116956863
100164991
157616865
127285171
109394634
192063754
93201801
112270790
123812108
100159018
99207979
103724668
161788380
101962536
102252242
