0.0
0.0
0.0
0.0
0.0
0.0
0.0
0.0
0.0
0.0
0.7
0.7
0.7
0.7
0.7
0.7
0.7
0.7
0.7
0.7
9.2
9.2
9.2
9.2
9.2
9.2
9.2
9.2
9.2
9.2
17.0
17.0
17.0
17.0
17.0
17.0
17.0
17.0
17.0
17.0
17.9
17.9
17.9
17.9
17.9
17.9
17.9
17.9
17.9
17.9
2.0
2.0
2.0
2.0
2.0
2.0
2.0
2.0
2.0
2.0
18.1
18.1
18.1
18.1
18.1
18.1
18.1
18.1
18.1
18.1
29.0
29.0
29.0
29.0
29.0
29.0
29.0
29.0
29.0
50.7
50.7
50.7
50.7
50.7
50.7
98.8
98.8
98.8
98.8
98.8
98.8
98.8
98.8
98.8
98.8
82.5
82.5
82.5
82.5
82.5
82.5
82.5
82.5
82.5
82.5
65.2
65.2
65.2
65.2
65.2
65.2
65.2
65.2
65.2
65.2
43.3
43.3
43.3
43.3
43.3
43.3
43.3
43.3
43.3
81.3
81.3
81.3
81.3
81.3
81.3
81.3
81.3
81.3
81.3
53.8
53.8
53.8
53.8
53.8
53.8
53.8
53.8
53.8
53.8
50.9
50.9
50.9
50.9
50.9
50.9
50.9
50.9
50.9
50.9
50.9
50.9
50.9
50.9
50.9
50.9
50.9
50.9
50.9
50.9
44.0
44.0
44.0
44.0
44.0
44.0
44.0
44.0
44.0
44.0
7.8
7.8
7.8
7.8
7.8
7.8
7.8
7.8
7.8
7.8
10.2
10.2
10.2
10.2
10.2
10.2
10.2
10.2
10.2
10.2
23.4
23.4
23.4
23.4
23.4
23.4
23.4
23.4
23.4
23.4
21.8
21.8
21.8
21.8
21.8
21.8
21.8
21.8
21.8
21.8
18.6
18.6
18.6
18.6
18.6
18.6
18.6
18.6
18.6
18.6
18.1
18.1
18.1
18.1
18.1
18.1
18.1
18.1
18.1
18.1
12.4
12.4
12.4
12.4
12.4
12.4
12.4
12.4
12.4
12.4
10.1
10.1
10.1
10.1
10.1
10.1
10.1
10.1
10.1
10.1
14.9
14.9
14.9
14.9
14.9
14.9
14.9
14.9
14.9
14.9
11.9
11.9
11.9
11.9
11.9
11.9
11.9
11.9
11.9
11.9
3.4
3.4
3.4
3.4
3.4
3.4
3.4
3.4
3.4
3.4
19.5
19.5
19.5
19.5
19.5
19.5
19.5
19.5
19.5
19.5
45.8
45.8
45.8
45.8
45.8
45.8
45.8
45.8
45.8
45.8
3.8
3.8
3.8
3.8
3.8
3.8
3.8
3.8
3.8
3.8
53.1
53.1
53.1
53.1
53.1
53.1
53.1
53.1
53.1
88.2
88.2
88.2
88.2
88.2
88.2
88.2
88.2
88.2
88.2
64.8
64.8
64.8
64.8
64.8
64.8
64.8
64.8
64.8
64.8
59.8
59.8
59.8
59.8
59.8
59.8
59.8
59.8
59.8
59.8
->delegado 0: 
64.7
64.7
64.7
64.7
64.7
64.7
64.7
64.7
64.7
64.7
76.2
76.2
76.2
76.2
76.2
76.2
76.2
76.2
76.2
76.2
67.7
67.7
67.7
67.7
67.7
67.7
67.7
67.7
67.7
67.7
51.8
51.8
51.8
51.8
51.8
51.8
51.8
51.8
51.8
51.8
64.2
64.2
64.2
64.2
64.2
64.2
64.2
64.2
64.2
64.2
<-delegado 0: 
54.7
54.7
54.7
54.7
->delegado 1: 
54.7
<-delegado 1: 
54.7
54.7
->delegado 2: 
<-delegado 2: 
->delegado 3: 
<-delegado 3: 
95.6
->delegado 4: 
->delegado 5: 
<-delegado 4: 
95.6
<-delegado 5: 
95.6
->delegado 6: 
<-delegado 6: 
95.6
95.6
->delegado 7: 
<-delegado 7: 
95.6
->delegado 8: 
<-delegado 8: 
98.5
->delegado 9: 
->delegado 10: 
<-delegado 9: 
<-delegado 10: 
98.5
98.5
98.5
->delegado 11: 
<-delegado 11: 
98.5
98.5
98.5
->delegado 12: 
<-delegado 12: 
98.5
->delegado 13: 
<-delegado 13: 
98.5
98.5
->delegado 14: 
<-delegado 14: 
58.6
58.6
->delegado 15: 
58.6
->delegado 16: 
<-delegado 15: 
<-delegado 16: 
58.6
58.6
58.6
58.6
58.6
->delegado 17: 
<-delegado 17: 
58.6
->delegado 18: 
->delegado 19: 
<-delegado 18: 
58.6
<-delegado 19: 
73.5
73.5
73.5
->delegado 20: 
<-delegado 20: 
73.5
73.5
73.5
73.5
73.5
73.5
73.5
55.5
55.5
55.5
55.5
55.5
55.5
55.5
55.5
55.5
55.5
25.5
25.5
25.5
25.5
25.5
25.5
25.5
25.5
25.5
25.5
11.9
11.9
11.9
11.9
11.9
11.9
11.9
11.9
11.9
11.9
16.5
16.5
16.5
16.5
16.5
16.5
16.5
16.5
16.5
16.5
0.0
0.0
0.0
0.0
0.0
0.0
0.0
0.0
0.0
0.0
0.0
0.0
0.0
0.0
0.0
0.0
0.0
0.0
0.0
0.0
1.1
1.1
1.1
1.1
1.1
1.1
1.1
1.1
1.1
1.1
1.5
1.5
1.5
1.5
1.5
1.5
1.5
1.5
1.5
1.5
1.9
1.9
1.9
1.9
1.9
1.9
1.9
1.9
1.9
1.9
0.7
0.7
0.7
->delegado 21: 
<-delegado 21: 
0.7
->delegado 22: 
<-delegado 22: 
0.7
0.7
->delegado 23: 
0.7
<-delegado 23: 
0.7
0.7
->delegado 24: 
<-delegado 24: 
0.7
47.8
->delegado 25: 
47.8
<-delegado 25: 
->delegado 26: 
47.8
<-delegado 26: 
47.8
->delegado 27: 
<-delegado 27: 
47.8
47.8
->delegado 28: 
<-delegado 28: 
47.8
47.8
47.8
->delegado 29: 
->delegado 30: 
<-delegado 29: 
47.8
<-delegado 30: 
59.6
->delegado 31: 
59.6
<-delegado 31: 
59.6
59.6
->delegado 32: 
<-delegado 32: 
59.6
59.6
59.6
59.6
->delegado 33: 
<-delegado 33: 
->delegado 34: 
59.6
<-delegado 34: 
59.6
60.1
60.1
->delegado 35: 
->delegado 36: 
<-delegado 35: 
<-delegado 36: 
60.1
60.1
->delegado 37: 
<-delegado 37: 
60.1
60.1
->delegado 38: 
<-delegado 38: 
60.1
60.1
->delegado 39: 
<-delegado 39: 
60.1
60.1
85.4
85.4
->delegado 40: 
<-delegado 40: 
85.4
85.4
85.4
85.4
85.4
85.4
85.4
85.4
21.7
21.7
21.7
21.7
21.7
21.7
21.7
21.7
21.7
21.7
31.7
31.7
31.7
31.7
31.7
31.7
31.7
31.7
31.7
31.7
15.6
15.6
15.6
15.6
15.6
15.6
15.6
15.6
15.6
15.6
4.6
4.6
4.6
4.6
4.6
4.6
4.6
4.6
4.6
4.6
8.9
8.9
8.9
8.9
8.9
8.9
8.9
8.9
8.9
8.9
9.8
9.8
9.8
9.8
9.8
9.8
9.8
9.8
9.8
9.8
26.4
26.4
26.4
26.4
26.4
26.4
26.4
26.4
26.4
26.4
14.9
14.9
14.9
14.9
14.9
14.9
14.9
14.9
14.9
14.9
76.1
76.1
76.1
76.1
76.1
76.1
76.1
76.1
76.1
76.1
50.7
50.7
->delegado 41: 
<-delegado 41: 
50.7
->delegado 42: 
<-delegado 42: 
50.7
->delegado 43: 
<-delegado 43: 
50.7
50.7
->delegado 44: 
<-delegado 44: 
50.7
50.7
50.7
50.7
->delegado 45: 
->delegado 46: 
<-delegado 45: 
<-delegado 46: 
74.2
74.2
74.2
->delegado 47: 
<-delegado 47: 
74.2
74.2
->delegado 48: 
<-delegado 48: 
74.2
74.2
->delegado 49: 
<-delegado 49: 
74.2
74.2
->delegado 50: 
<-delegado 50: 
74.2
->delegado 51: 
55.1
<-delegado 51: 
->delegado 52: 
55.1
<-delegado 52: 
55.1
55.1
55.1
55.1
->delegado 53: 
<-delegado 53: 
->delegado 54: 
55.1
<-delegado 54: 
->delegado 55: 
<-delegado 55: 
55.1
73.7
->delegado 56: 
<-delegado 56: 
->delegado 57: 
->delegado 58: 
<-delegado 58: 
<-delegado 57: 
73.7
73.7
->delegado 59: 
96.2
<-delegado 59: 
96.2
96.2
96.2
96.2
96.2
96.2
96.2
96.2
->delegado 60: 
96.2
<-delegado 60: 
57.9
57.9
57.9
57.9
57.9
57.9
57.9
57.9
57.9
57.9
28.5
28.5
28.5
28.5
28.5
28.5
28.5
28.5
28.5
28.5
12.5
12.5
12.5
12.5
12.5
12.5
12.5
12.5
12.5
12.5
1.3
1.3
1.3
1.3
1.3
1.3
1.3
1.3
1.3
1.3
0.0
0.0
0.0
0.0
0.0
0.0
0.0
0.0
0.0
0.0
4.1
4.1
4.1
4.1
4.1
4.1
4.1
4.1
4.1
4.1
1.9
1.9
1.9
1.9
1.9
1.9
1.9
1.9
1.9
1.9
0.0
0.0
0.0
0.0
0.0
0.0
0.0
0.0
0.0
0.0
0.0
0.0
0.0
0.0
0.0
0.0
0.0
0.0
0.0
0.0
0.0
0.0
0.0
0.0
->delegado 61: 
<-delegado 61: 
0.0
0.0
0.0
->delegado 62: 
->delegado 63: 
0.0
<-delegado 62: 
<-delegado 63: 
0.0
->delegado 64: 
<-delegado 64: 
0.0
59.9
->delegado 65: 
<-delegado 65: 
59.9
59.9
->delegado 66: 
<-delegado 66: 
59.9
59.9
59.9
->delegado 67: 
->delegado 68: 
<-delegado 67: 
<-delegado 68: 
59.9
59.9
->delegado 69: 
59.9
<-delegado 69: 
59.9
->delegado 70: 
46.6
<-delegado 70: 
46.6
46.6
46.6
->delegado 71: 
46.6
<-delegado 71: 
->delegado 72: 
46.6
->delegado 73: 
<-delegado 72: 
<-delegado 73: 
46.6
46.6
->delegado 74: 
46.6
<-delegado 74: 
46.6
->delegado 75: 
<-delegado 75: 
47.3
47.3
47.3
->delegado 76: 
<-delegado 76: 
47.3
47.3
->delegado 77: 
<-delegado 77: 
47.3
->delegado 78: 
47.3
<-delegado 78: 
47.3
47.3
47.3
42.3
->delegado 79: 
<-delegado 79: 
42.3
42.3
->delegado 80: 
<-delegado 80: 
42.3
42.3
42.3
42.3
42.3
42.3
42.3
13.3
13.3
13.3
13.3
13.3
13.3
13.3
13.3
13.3
13.3
0.5
0.5
0.5
0.5
0.5
0.5
0.5
0.5
0.5
0.5
5.1
5.1
5.1
5.1
5.1
5.1
5.1
5.1
5.1
5.1
0.8
0.8
0.8
0.8
0.8
0.8
0.8
0.8
0.8
0.8
6.9
6.9
6.9
6.9
6.9
6.9
6.9
6.9
6.9
6.9
10.7
10.7
10.7
10.7
10.7
10.7
10.7
10.7
10.7
10.7
20.8
20.8
20.8
20.8
20.8
20.8
20.8
20.8
20.8
20.8
15.9
15.9
15.9
15.9
15.9
15.9
15.9
15.9
15.9
15.9
27.5
27.5
27.5
27.5
27.5
27.5
27.5
27.5
27.5
27.5
23.4
23.4
23.4
->delegado 81: 
<-delegado 81: 
23.4
->delegado 82: 
<-delegado 82: 
23.4
23.4
23.4
->delegado 83: 
23.4
<-delegado 83: 
->delegado 84: 
23.4
<-delegado 84: 
->delegado 85: 
<-delegado 85: 
23.4
82.7
82.7
->delegado 86: 
82.7
<-delegado 86: 
->delegado 87: 
82.7
<-delegado 87: 
->delegado 88: 
82.7
<-delegado 88: 
82.7
->delegado 89: 
<-delegado 89: 
82.7
82.7
82.7
->delegado 90: 
<-delegado 90: 
97.1
->delegado 91: 
<-delegado 91: 
97.1
->delegado 92: 
<-delegado 92: 
97.1
97.1
->delegado 93: 
<-delegado 93: 
97.1
97.1
97.1
->delegado 94: 
<-delegado 94: 
97.1
->delegado 95: 
<-delegado 95: 
100.0
->delegado 96: 
<-delegado 96: 
100.0
100.0
100.0
->delegado 97: 
<-delegado 97: 
100.0
->delegado 98: 
<-delegado 98: 
100.0
100.0
->delegado 99: 
100.0
<-delegado 99: 
100.0
->delegado 100: 
100.0
<-delegado 100: 
59.0
59.0
59.0
59.0
59.0
59.0
59.0
59.0
59.0
59.0
8.9
8.9
8.9
8.9
8.9
8.9
8.9
8.9
8.9
8.9
5.8
5.8
5.8
5.8
5.8
5.8
5.8
5.8
5.8
5.8
0.2
0.2
0.2
0.2
0.2
0.2
0.2
0.2
0.2
0.2
0.0
0.0
0.0
0.0
0.0
0.0
0.0
0.0
0.0
0.0
7.5
7.5
7.5
7.5
7.5
7.5
7.5
7.5
7.5
7.5
6.9
6.9
6.9
6.9
6.9
6.9
6.9
6.9
6.9
6.9
0.0
0.0
0.0
0.0
0.0
0.0
0.0
0.0
0.0
0.0
10.6
->delegado 101: 
<-delegado 101: 
10.6
10.6
->delegado 102: 
<-delegado 102: 
10.6
->delegado 103: 
10.6
<-delegado 103: 
10.6
10.6
10.6
10.6
->delegado 104: 
->delegado 105: 
<-delegado 104: 
<-delegado 105: 
10.6
->delegado 106: 
43.9
<-delegado 106: 
43.9
->delegado 107: 
43.9
<-delegado 107: 
43.9
43.9
->delegado 108: 
<-delegado 108: 
43.9
43.9
43.9
->delegado 109: 
<-delegado 109: 
43.9
->delegado 110: 
<-delegado 110: 
43.9
->delegado 111: 
36.4
<-delegado 111: 
36.4
->delegado 112: 
<-delegado 112: 
36.4
36.4
->delegado 113: 
36.4
<-delegado 113: 
36.4
36.4
36.4
36.4
->delegado 114: 
<-delegado 114: 
36.4
71.7
->delegado 115: 
<-delegado 115: 
71.7
->delegado 116: 
<-delegado 116: 
71.7
->delegado 117: 
<-delegado 117: 
71.7
71.7
71.7
->delegado 118: 
<-delegado 118: 
71.7
71.7
->delegado 119: 
71.7
->delegado 120: 
<-delegado 119: 
<-delegado 120: 
71.7
77.1
77.1
77.1
77.1
77.1
77.1
77.1
77.1
77.1
77.1
8.1
8.1
8.1
8.1
8.1
8.1
8.1
8.1
8.1
8.1
0.8
0.8
0.8
0.8
0.8
0.8
0.8
0.8
0.8
0.8
1.4
1.4
1.4
1.4
1.4
1.4
1.4
1.4
1.4
1.4
0.0
0.0
0.0
0.0
0.0
0.0
0.0
0.0
0.0
0.0
2.7
2.7
2.7
2.7
2.7
2.7
2.7
2.7
2.7
2.7
1.4
1.4
1.4
1.4
1.4
1.4
1.4
1.4
1.4
1.4
1.3
1.3
1.3
1.3
1.3
1.3
1.3
1.3
1.3
1.3
5.9
->delegado 121: 
<-delegado 121: 
5.9
->delegado 122: 
<-delegado 122: 
5.9
5.9
->delegado 123: 
5.9
<-delegado 123: 
5.9
5.9
->delegado 124: 
5.9
<-delegado 124: 
5.9
->delegado 125: 
<-delegado 125: 
5.9
->delegado 126: 
<-delegado 126: 
47.7
47.7
47.7
47.7
->delegado 127: 
<-delegado 127: 
47.7
->delegado 128: 
<-delegado 128: 
47.7
->delegado 129: 
47.7
<-delegado 129: 
94.6
->delegado 130: 
<-delegado 130: 
94.6
->delegado 131: 
<-delegado 131: 
94.6
->delegado 132: 
94.6
<-delegado 132: 
94.6
->delegado 133: 
<-delegado 133: 
94.6
94.6
94.6
75.2
->delegado 134: 
->delegado 135: 
<-delegado 134: 
<-delegado 135: 
75.2
75.2
->delegado 136: 
<-delegado 136: 
75.2
75.2
75.2
75.2
->delegado 137: 
<-delegado 137: 
75.2
75.2
->delegado 138: 
75.2
->delegado 139: 
<-delegado 138: 
<-delegado 139: 
48.4
48.4
48.4
->delegado 140: 
<-delegado 140: 
48.4
48.4
48.4
48.4
48.4
48.4
48.4
19.2
19.2
19.2
19.2
19.2
19.2
19.2
19.2
19.2
19.2
0.0
0.0
0.0
0.0
0.0
0.0
0.0
0.0
0.0
0.0
3.7
3.7
3.7
3.7
3.7
3.7
3.7
3.7
3.7
3.7
0.0
0.0
0.0
0.0
0.0
0.0
0.0
0.0
0.0
0.0
0.4
0.4
0.4
0.4
0.4
0.4
0.4
0.4
0.4
0.4
4.4
4.4
4.4
4.4
4.4
4.4
4.4
4.4
4.4
4.4
0.0
0.0
0.0
0.0
0.0
0.0
0.0
0.0
0.0
0.0
0.0
0.0
0.0
0.0
0.0
0.0
0.0
0.0
0.0
0.0
0.3
0.3
0.3
0.3
0.3
0.3
0.3
0.3
0.3
0.3
1.3
1.3
->delegado 141: 
1.3
<-delegado 141: 
1.3
1.3
1.3
->delegado 142: 
1.3
<-delegado 142: 
->delegado 143: 
<-delegado 143: 
1.3
->delegado 144: 
1.3
<-delegado 144: 
1.3
30.0
30.0
30.0
->delegado 145: 
<-delegado 145: 
30.0
->delegado 146: 
<-delegado 146: 
30.0
->delegado 147: 
<-delegado 147: 
30.0
30.0
30.0
->delegado 148: 
<-delegado 148: 
->delegado 149: 
30.0
<-delegado 149: 
30.0
->delegado 150: 
<-delegado 150: 
54.5
54.5
54.5
->delegado 151: 
54.5
<-delegado 151: 
54.5
->delegado 152: 
<-delegado 152: 
54.5
54.5
54.5
54.5
->delegado 153: 
->delegado 154: 
<-delegado 153: 
<-delegado 154: 
54.5
44.7
->delegado 155: 
<-delegado 155: 
44.7
44.7
->delegado 156: 
<-delegado 156: 
44.7
44.7
->delegado 157: 
44.7
<-delegado 157: 
44.7
->delegado 158: 
<-delegado 158: 
44.7
44.7
->delegado 159: 
<-delegado 159: 
44.7
->delegado 160: 
<-delegado 160: 
39.9
39.9
39.9
39.9
39.9
39.9
39.9
39.9
39.9
39.9
8.9
8.9
8.9
8.9
8.9
8.9
8.9
8.9
8.9
8.9
1.1
1.1
1.1
1.1
1.1
1.1
1.1
1.1
1.1
1.1
0.0
0.0
0.0
0.0
0.0
0.0
0.0
0.0
0.0
0.0
0.0
0.0
0.0
0.0
0.0
0.0
0.0
0.0
0.0
0.0
1.2
1.2
1.2
1.2
1.2
1.2
1.2
1.2
1.2
1.2
0.0
0.0
0.0
0.0
0.0
0.0
0.0
0.0
0.0
0.0
1.2
1.2
1.2
1.2
1.2
1.2
1.2
1.2
1.2
1.2
2.8
2.8
2.8
->delegado 161: 
<-delegado 161: 
2.8
->delegado 162: 
<-delegado 162: 
2.8
2.8
->delegado 163: 
<-delegado 163: 
2.8
2.8
->delegado 164: 
2.8
<-delegado 164: 
2.8
26.1
->delegado 165: 
<-delegado 165: 
26.1
26.1
26.1
->delegado 166: 
->delegado 167: 
<-delegado 166: 
26.1
<-delegado 167: 
26.1
->delegado 168: 
<-delegado 168: 
26.1
26.1
->delegado 169: 
<-delegado 169: 
26.1
26.1
->delegado 170: 
<-delegado 170: 
64.0
64.0
->delegado 171: 
<-delegado 171: 
64.0
->delegado 172: 
<-delegado 172: 
64.0
64.0
64.0
64.0
->delegado 173: 
<-delegado 173: 
64.0
->delegado 174: 
64.0
<-delegado 174: 
64.0
47.0
->delegado 175: 
47.0
<-delegado 175: 
47.0
->delegado 176: 
<-delegado 176: 
->delegado 177: 
<-delegado 177: 
47.0
47.0
->delegado 178: 
47.0
<-delegado 178: 
47.0
47.0
47.0
47.0
->delegado 179: 
<-delegado 179: 
50.2
->delegado 180: 
<-delegado 180: 
50.2
50.2
50.2
50.2
50.2
50.2
50.2
50.2
50.2
39.9
39.9
39.9
39.9
39.9
39.9
39.9
39.9
39.9
39.9
46.7
46.7
46.7
46.7
46.7
46.7
46.7
46.7
46.7
46.7
25.0
25.0
25.0
25.0
25.0
25.0
25.0
25.0
25.0
25.0
3.4
3.4
3.4
3.4
3.4
3.4
3.4
3.4
3.4
3.4
4.6
4.6
4.6
4.6
4.6
4.6
4.6
4.6
4.6
4.6
19.4
19.4
19.4
19.4
19.4
19.4
19.4
19.4
19.4
19.4
7.4
7.4
7.4
7.4
7.4
7.4
7.4
7.4
7.4
7.4
2.8
2.8
2.8
2.8
2.8
2.8
2.8
2.8
2.8
2.8
2.2
2.2
2.2
2.2
2.2
2.2
2.2
2.2
2.2
2.2
2.1
2.1
->delegado 181: 
2.1
<-delegado 181: 
->delegado 182: 
2.1
<-delegado 182: 
2.1
2.1
->delegado 183: 
->delegado 184: 
<-delegado 183: 
<-delegado 184: 
2.1
2.1
2.1
->delegado 185: 
2.1
<-delegado 185: 
48.2
->delegado 186: 
<-delegado 186: 
48.2
48.2
48.2
->delegado 187: 
<-delegado 187: 
->delegado 188: 
48.2
<-delegado 188: 
48.2
->delegado 189: 
<-delegado 189: 
48.2
48.2
48.2
->delegado 190: 
48.2
<-delegado 190: 
33.3
->delegado 191: 
<-delegado 191: 
33.3
33.3
33.3
33.3
->delegado 192: 
<-delegado 192: 
->delegado 193: 
<-delegado 193: 
33.3
->delegado 194: 
<-delegado 194: 
33.3
33.3
33.3
->delegado 195: 
<-delegado 195: 
33.3
41.7
41.7
41.7
->delegado 196: 
<-delegado 196: 
->delegado 197: 
41.7
<-delegado 197: 
->delegado 198: 
41.7
<-delegado 198: 
41.7
41.7
->delegado 199: 
<-delegado 199: 
41.7
->delegado 200: 
<-delegado 200: 
41.7
41.7
44.6
44.6
44.6
44.6
44.6
44.6
44.6
44.6
44.6
44.6
5.7
5.7
5.7
5.7
5.7
5.7
5.7
5.7
5.7
5.7
0.0
0.0
0.0
0.0
0.0
0.0
0.0
0.0
0.0
0.0
3.5
3.5
3.5
3.5
3.5
3.5
3.5
3.5
3.5
3.5
2.0
2.0
2.0
2.0
2.0
2.0
2.0
2.0
2.0
2.0
5.1
5.1
5.1
5.1
5.1
5.1
5.1
5.1
5.1
5.1
0.5
0.5
0.5
0.5
0.5
0.5
0.5
0.5
0.5
0.5
0.3
0.3
0.3
0.3
0.3
0.3
0.3
0.3
0.3
0.3
5.3
5.3
->delegado 201: 
<-delegado 201: 
5.3
5.3
->delegado 202: 
5.3
<-delegado 202: 
5.3
->delegado 203: 
<-delegado 203: 
5.3
->delegado 204: 
5.3
<-delegado 204: 
5.3
5.3
35.5
->delegado 205: 
35.5
<-delegado 205: 
->delegado 206: 
35.5
<-delegado 206: 
35.5
->delegado 207: 
<-delegado 207: 
35.5
->delegado 208: 
<-delegado 208: 
35.5
35.5
35.5
->delegado 209: 
35.5
<-delegado 209: 
->delegado 210: 
<-delegado 210: 
35.5
49.5
49.5
49.5
49.5
49.5
49.5
49.5
49.5
49.5
49.5
13.1
13.1
13.1
13.1
13.1
13.1
13.1
13.1
13.1
13.1
0.4
0.4
0.4
0.4
0.4
0.4
0.4
0.4
0.4
0.4
3.7
3.7
3.7
3.7
3.7
3.7
3.7
3.7
3.7
3.7
1.8
1.8
1.8
1.8
1.8
1.8
1.8
1.8
1.8
1.8
0.0
0.0
0.0
0.0
0.0
0.0
0.0
0.0
0.0
0.0
1.9
1.9
1.9
1.9
1.9
1.9
1.9
1.9
1.9
1.9
0.3
0.3
0.3
0.3
0.3
0.3
0.3
0.3
0.3
0.3
3.1
->delegado 211: 
3.1
<-delegado 211: 
->delegado 212: 
3.1
<-delegado 212: 
3.1
3.1
->delegado 213: 
<-delegado 213: 
3.1
3.1
->delegado 214: 
<-delegado 214: 
3.1
->delegado 215: 
3.1
<-delegado 215: 
3.1
33.7
->delegado 216: 
<-delegado 216: 
33.7
33.7
->delegado 217: 
<-delegado 217: 
33.7
33.7
33.7
->delegado 218: 
<-delegado 218: 
33.7
33.7
33.7
->delegado 219: 
<-delegado 219: 
->delegado 220: 
<-delegado 220: 
33.7
35.2
35.2
35.2
35.2
35.2
35.2
35.2
35.2
35.2
35.2
8.9
8.9
8.9
8.9
8.9
8.9
8.9
8.9
8.9
8.9
0.0
0.0
0.0
0.0
0.0
0.0
0.0
0.0
0.0
0.0
8.6
8.6
8.6
8.6
8.6
8.6
8.6
8.6
8.6
8.6
0.7
0.7
0.7
0.7
0.7
0.7
0.7
0.7
0.7
0.7
0.4
0.4
0.4
0.4
0.4
0.4
0.4
0.4
0.4
0.4
0.0
0.0
0.0
0.0
0.0
0.0
0.0
0.0
0.0
0.0
0.4
0.4
0.4
0.4
0.4
0.4
0.4
0.4
0.4
0.4
0.5
0.5
0.5
0.5
0.5
0.5
0.5
0.5
0.5
0.5
0.6
0.6
0.6
0.6
0.6
0.6
0.6
0.6
0.6
0.6
6.7
->delegado 221: 
<-delegado 221: 
6.7
->delegado 222: 
6.7
<-delegado 222: 
6.7
6.7
->delegado 223: 
6.7
<-delegado 223: 
->delegado 224: 
<-delegado 224: 
6.7
6.7
->delegado 225: 
6.7
<-delegado 225: 
6.7
39.1
->delegado 226: 
<-delegado 226: 
39.1
->delegado 227: 
<-delegado 227: 
39.1
39.1
->delegado 228: 
<-delegado 228: 
39.1
39.1
->delegado 229: 
<-delegado 229: 
39.1
39.1
39.1
->delegado 230: 
39.1
<-delegado 230: 
29.0
29.0
29.0
29.0
29.0
29.0
29.0
29.0
29.0
29.0
10.6
10.6
10.6
10.6
10.6
10.6
10.6
10.6
10.6
10.6
0.0
0.0
0.0
0.0
0.0
0.0
0.0
0.0
0.0
0.0
5.6
5.6
5.6
5.6
5.6
5.6
5.6
5.6
5.6
5.6
1.2
1.2
1.2
1.2
1.2
1.2
1.2
1.2
1.2
1.2
6.8
6.8
6.8
6.8
6.8
6.8
6.8
6.8
6.8
6.8
15.5
15.5
15.5
15.5
15.5
15.5
15.5
15.5
15.5
15.5
57.0
57.0
57.0
57.0
57.0
57.0
57.0
57.0
57.0
57.0
36.6
36.6
36.6
36.6
36.6
36.6
36.6
36.6
36.6
36.6
23.3
23.3
23.3
23.3
23.3
23.3
23.3
23.3
23.3
23.3
->delegado 231: 
<-delegado 231: 
17.1
->delegado 232: 
<-delegado 232: 
17.1
17.1
->delegado 233: 
17.1
<-delegado 233: 
17.1
->delegado 234: 
<-delegado 234: 
17.1
17.1
->delegado 235: 
<-delegado 235: 
17.1
17.1
17.1
->delegado 236: 
<-delegado 236: 
39.8
->delegado 237: 
<-delegado 237: 
39.8
39.8
->delegado 238: 
<-delegado 238: 
39.8
39.8
->delegado 239: 
<-delegado 239: 
39.8
->delegado 240: 
39.8
<-delegado 240: 
39.8
39.8
39.8
34.4
34.4
34.4
34.4
34.4
34.4
34.4
34.4
34.4
34.4
9.9
9.9
9.9
9.9
9.9
9.9
9.9
9.9
9.9
9.9
1.1
1.1
1.1
1.1
1.1
1.1
1.1
1.1
1.1
1.1
0.0
0.0
0.0
0.0
0.0
0.0
0.0
0.0
0.0
0.0
0.0
0.0
0.0
0.0
0.0
0.0
0.0
0.0
0.0
0.0
1.4
1.4
1.4
1.4
1.4
1.4
1.4
1.4
1.4
1.4
5.9
5.9
5.9
5.9
5.9
5.9
5.9
5.9
5.9
77.2
77.2
77.2
77.2
77.2
77.2
77.2
77.2
->delegado 241: 
<-delegado 241: 
77.2
->delegado 242: 
<-delegado 242: 
77.2
36.1
36.1
->delegado 243: 
<-delegado 243: 
36.1
36.1
->delegado 244: 
<-delegado 244: 
36.1
->delegado 245: 
36.1
<-delegado 245: 
36.1
36.1
->delegado 246: 
<-delegado 246: 
36.1
->delegado 247: 
<-delegado 247: 
36.1
84.6
84.6
84.6
->delegado 248: 
<-delegado 248: 
->delegado 249: 
<-delegado 249: 
84.6
->delegado 250: 
84.6
<-delegado 250: 
84.6
84.6
84.6
84.6
84.6
34.1
34.1
34.1
34.1
34.1
34.1
34.1
34.1
34.1
34.1
1.1
1.1
1.1
1.1
1.1
1.1
1.1
1.1
1.1
1.1
0.0
0.0
0.0
0.0
0.0
0.0
0.0
0.0
0.0
0.0
2.0
2.0
2.0
2.0
2.0
2.0
2.0
2.0
2.0
2.0
4.3
4.3
4.3
4.3
4.3
4.3
4.3
4.3
4.3
4.3
1.3
1.3
1.3
1.3
1.3
1.3
1.3
1.3
1.3
1.3
0.8
0.8
0.8
0.8
0.8
0.8
0.8
0.8
0.8
0.8
0.0
0.0
0.0
0.0
0.0
0.0
0.0
0.0
->delegado 251: 
<-delegado 251: 
0.0
->delegado 252: 
<-delegado 252: 
0.0
22.8
22.8
->delegado 253: 
<-delegado 253: 
22.8
->delegado 254: 
<-delegado 254: 
22.8
->delegado 255: 
22.8
<-delegado 255: 
22.8
22.8
->delegado 256: 
<-delegado 256: 
22.8
22.8
->delegado 257: 
<-delegado 257: 
22.8
->delegado 258: 
<-delegado 258: 
46.9
46.9
->delegado 259: 
46.9
<-delegado 259: 
46.9
46.9
->delegado 260: 
<-delegado 260: 
46.9
46.9
46.9
46.9
46.9
21.6
21.6
21.6
21.6
21.6
21.6
21.6
21.6
21.6
21.6
0.4
0.4
0.4
0.4
0.4
0.4
0.4
0.4
0.4
0.4
1.4
1.4
1.4
1.4
1.4
1.4
1.4
1.4
1.4
1.4
1.1
1.1
1.1
1.1
1.1
1.1
1.1
1.1
1.1
1.1
0.0
0.0
0.0
0.0
0.0
0.0
0.0
0.0
0.0
0.0
0.7
0.7
0.7
0.7
0.7
0.7
0.7
0.7
0.7
0.7
1.2
1.2
1.2
1.2
1.2
1.2
1.2
1.2
1.2
1.2
2.6
2.6
2.6
2.6
2.6
2.6
2.6
2.6
2.6
2.6
0.8
0.8
0.8
0.8
0.8
0.8
0.8
0.8
0.8
0.8
0.0
0.0
0.0
0.0
0.0
0.0
0.0
0.0
->delegado 261: 
<-delegado 261: 
0.0
0.0
->delegado 262: 
->delegado 263: 
<-delegado 262: 
<-delegado 263: 
30.4
30.4
30.4
->delegado 264: 
<-delegado 264: 
30.4
->delegado 265: 
<-delegado 265: 
30.4
->delegado 266: 
30.4
<-delegado 266: 
30.4
30.4
->delegado 267: 
<-delegado 267: 
30.4
30.4
->delegado 268: 
41.5
<-delegado 268: 
41.5
->delegado 269: 
<-delegado 269: 
41.5
41.5
->delegado 270: 
<-delegado 270: 
41.5
41.5
41.5
41.5
41.5
41.5
46.6
46.6
46.6
46.6
46.6
46.6
46.6
46.6
46.6
46.6
13.6
13.6
13.6
13.6
13.6
13.6
13.6
13.6
13.6
13.6
2.5
2.5
2.5
2.5
2.5
2.5
2.5
2.5
2.5
2.5
0.0
0.0
0.0
0.0
0.0
0.0
0.0
0.0
0.0
0.0
1.1
1.1
1.1
1.1
1.1
1.1
1.1
1.1
1.1
1.1
1.8
1.8
1.8
1.8
1.8
1.8
1.8
1.8
1.8
1.8
2.7
2.7
2.7
2.7
2.7
2.7
2.7
2.7
2.7
2.7
2.8
2.8
2.8
2.8
2.8
2.8
2.8
2.8
->delegado 271: 
<-delegado 271: 
->delegado 272: 
<-delegado 272: 
2.8
->delegado 273: 
<-delegado 273: 
2.8
26.7
->delegado 274: 
<-delegado 274: 
26.7
26.7
26.7
->delegado 275: 
<-delegado 275: 
26.7
->delegado 276: 
<-delegado 276: 
26.7
26.7
26.7
->delegado 277: 
<-delegado 277: 
26.7
26.7
->delegado 278: 
<-delegado 278: 
41.5
41.5
41.5
->delegado 279: 
41.5
<-delegado 279: 
->delegado 280: 
<-delegado 280: 
41.5
41.5
41.5
41.5
41.5
41.5
28.7
28.7
28.7
28.7
28.7
28.7
28.7
28.7
28.7
28.7
0.6
0.6
0.6
0.6
0.6
0.6
0.6
0.6
0.6
0.6
6.8
6.8
6.8
6.8
6.8
6.8
6.8
6.8
6.8
6.8
0.0
0.0
0.0
0.0
0.0
0.0
0.0
0.0
0.0
0.0
0.6
0.6
0.6
0.6
0.6
0.6
0.6
0.6
0.6
0.6
9.3
9.3
9.3
9.3
9.3
9.3
9.3
9.3
9.3
70.3
70.3
70.3
70.3
70.3
70.3
70.3
70.3
70.3
70.3
8.1
8.1
8.1
8.1
8.1
8.1
8.1
8.1
8.1
8.1
0.3
0.3
0.3
0.3
0.3
0.3
0.3
0.3
0.3
0.3
2.0
2.0
2.0
2.0
2.0
2.0
->delegado 281: 
<-delegado 281: 
2.0
->delegado 282: 
<-delegado 282: 
2.0
2.0
->delegado 283: 
<-delegado 283: 
2.0
28.3
28.3
->delegado 284: 
<-delegado 284: 
28.3
->delegado 285: 
28.3
<-delegado 285: 
->delegado 286: 
28.3
<-delegado 286: 
28.3
28.3
28.3
->delegado 287: 
<-delegado 287: 
28.3
->delegado 288: 
<-delegado 288: 
28.3
38.5
->delegado 289: 
<-delegado 289: 
38.5
->delegado 290: 
<-delegado 290: 
38.5
38.5
38.5
38.5
38.5
38.5
38.5
38.5
9.1
9.1
9.1
9.1
9.1
9.1
9.1
9.1
9.1
9.1
0.0
0.0
0.0
0.0
0.0
0.0
0.0
0.0
0.0
0.0
1.9
1.9
1.9
1.9
1.9
1.9
1.9
1.9
1.9
1.9
0.0
0.0
0.0
0.0
0.0
0.0
0.0
0.0
0.0
0.0
0.0
0.0
0.0
0.0
0.0
0.0
0.0
0.0
0.0
0.0
2.1
2.1
2.1
2.1
2.1
2.1
2.1
2.1
2.1
2.1
0.0
0.0
0.0
0.0
0.0
0.0
0.0
0.0
0.0
0.0
0.5
0.5
0.5
0.5
0.5
->delegado 291: 
<-delegado 291: 
0.5
0.5
0.5
->delegado 292: 
<-delegado 292: 
->delegado 293: 
<-delegado 293: 
0.5
0.5
40.6
->delegado 294: 
<-delegado 294: 
40.6
->delegado 295: 
40.6
<-delegado 295: 
40.6
40.6
->delegado 296: 
<-delegado 296: 
40.6
->delegado 297: 
<-delegado 297: 
40.6
40.6
->delegado 298: 
<-delegado 298: 
40.6
40.6
41.3
->delegado 299: 
<-delegado 299: 
41.3
41.3
->delegado 300: 
<-delegado 300: 
41.3
41.3
41.3
41.3
41.3
41.3
41.3
18.6
18.6
18.6
18.6
18.6
18.6
18.6
18.6
18.6
18.6
0.4
0.4
0.4
0.4
0.4
0.4
0.4
0.4
0.4
0.4
1.0
1.0
1.0
1.0
1.0
1.0
1.0
1.0
1.0
1.0
0.0
0.0
0.0
0.0
0.0
0.0
0.0
0.0
0.0
0.0
1.5
1.5
1.5
1.5
1.5
1.5
1.5
1.5
1.5
1.5
2.6
2.6
2.6
2.6
2.6
2.6
2.6
2.6
2.6
2.6
0.0
0.0
0.0
0.0
0.0
0.0
0.0
0.0
0.0
0.0
0.0
0.0
0.0
0.0
0.0
0.0
0.0
0.0
0.0
0.0
1.3
1.3
1.3
1.3
1.3
1.3
1.3
1.3
1.3
1.3
1.5
1.5
1.5
1.5
1.5
->delegado 301: 
<-delegado 301: 
1.5
1.5
->delegado 302: 
<-delegado 302: 
1.5
1.5
->delegado 303: 
1.5
<-delegado 303: 
27.7
->delegado 304: 
<-delegado 304: 
27.7
27.7
->delegado 305: 
27.7
<-delegado 305: 
27.7
27.7
27.7
27.7
27.7
27.7
19.6
19.6
19.6
19.6
19.6
19.6
19.6
19.6
19.6
19.6
2.0
2.0
2.0
2.0
2.0
2.0
2.0
2.0
2.0
2.0
8.5
8.5
8.5
8.5
8.5
8.5
8.5
8.5
8.5
8.5
0.2
0.2
0.2
0.2
0.2
0.2
0.2
0.2
0.2
0.2
1.2
1.2
1.2
1.2
1.2
1.2
1.2
1.2
1.2
1.2
0.0
0.0
0.0
0.0
0.0
0.0
0.0
0.0
0.0
0.0
2.0
2.0
2.0
2.0
2.0
2.0
2.0
2.0
2.0
2.0
0.4
0.4
0.4
0.4
0.4
0.4
0.4
0.4
0.4
0.4
0.0
0.0
0.0
0.0
0.0
0.0
0.0
0.0
0.0
0.0
0.3
0.3
0.3
0.3
0.3
->delegado 306: 
<-delegado 306: 
0.3
0.3
->delegado 307: 
0.3
<-delegado 307: 
->delegado 308: 
<-delegado 308: 
0.3
0.3
->delegado 309: 
<-delegado 309: 
30.4
30.4
->delegado 310: 
30.4
<-delegado 310: 
30.4
30.4
30.4
30.4
30.4
30.4
30.4
13.1
13.1
13.1
13.1
13.1
13.1
13.1
13.1
13.1
13.1
0.0
0.0
0.0
0.0
0.0
0.0
0.0
0.0
0.0
0.0
1.3
1.3
1.3
1.3
1.3
1.3
1.3
1.3
1.3
1.3
0.0
0.0
0.0
0.0
0.0
0.0
0.0
0.0
0.0
0.0
0.4
0.4
0.4
0.4
0.4
0.4
0.4
0.4
0.4
0.4
0.0
0.0
0.0
0.0
0.0
0.0
0.0
0.0
0.0
0.0
0.4
0.4
0.4
0.4
0.4
0.4
0.4
0.4
0.4
0.4
2.8
2.8
2.8
2.8
2.8
->delegado 311: 
->delegado 312: 
2.8
<-delegado 311: 
<-delegado 312: 
2.8
2.8
->delegado 313: 
<-delegado 313: 
2.8
->delegado 314: 
2.8
<-delegado 314: 
26.7
->delegado 315: 
26.7
<-delegado 315: 
26.7
26.7
26.7
26.7
26.7
26.7
26.7
26.7
11.4
11.4
11.4
11.4
11.4
11.4
11.4
11.4
11.4
11.4
0.0
0.0
0.0
0.0
0.0
0.0
0.0
0.0
0.0
0.0
0.0
0.0
0.0
0.0
0.0
0.0
0.0
0.0
0.0
0.0
1.2
1.2
1.2
1.2
1.2
1.2
1.2
1.2
1.2
1.2
2.7
2.7
2.7
2.7
2.7
2.7
2.7
2.7
2.7
2.7
2.3
2.3
2.3
2.3
2.3
2.3
2.3
2.3
2.3
2.3
0.0
0.0
0.0
0.0
0.0
0.0
0.0
0.0
0.0
0.0
0.0
0.0
0.0
0.0
->delegado 316: 
<-delegado 316: 
0.0
0.0
0.0
->delegado 317: 
<-delegado 317: 
->delegado 318: 
<-delegado 318: 
0.0
0.0
0.0
43.8
->delegado 319: 
->delegado 320: 
<-delegado 319: 
<-delegado 320: 
43.8
43.8
43.8
43.8
43.8
43.8
43.8
43.8
43.8
9.4
9.4
9.4
9.4
9.4
9.4
9.4
9.4
9.4
9.4
1.2
1.2
1.2
1.2
1.2
1.2
1.2
1.2
1.2
1.2
0.0
0.0
0.0
0.0
0.0
0.0
0.0
0.0
0.0
0.0
0.3
0.3
0.3
0.3
0.3
0.3
0.3
0.3
0.3
0.3
0.0
0.0
0.0
0.0
0.0
0.0
0.0
0.0
0.0
0.0
0.6
0.6
0.6
0.6
0.6
0.6
0.6
0.6
0.6
0.6
1.9
1.9
1.9
1.9
1.9
1.9
1.9
1.9
1.9
1.9
1.2
1.2
1.2
1.2
->delegado 321: 
1.2
<-delegado 321: 
->delegado 322: 
1.2
<-delegado 322: 
1.2
->delegado 323: 
<-delegado 323: 
1.2
1.2
1.2
->delegado 324: 
<-delegado 324: 
34.6
->delegado 325: 
<-delegado 325: 
34.6
34.6
34.6
34.6
34.6
34.6
34.6
34.6
34.6
9.1
9.1
9.1
9.1
9.1
9.1
9.1
9.1
9.1
9.1
0.5
0.5
0.5
0.5
0.5
0.5
0.5
0.5
0.5
0.5
0.0
0.0
0.0
0.0
0.0
0.0
0.0
0.0
0.0
0.0
2.6
2.6
2.6
2.6
2.6
2.6
2.6
2.6
2.6
2.6
0.0
0.0
0.0
0.0
0.0
0.0
0.0
0.0
0.0
0.0
1.4
1.4
1.4
1.4
1.4
1.4
1.4
1.4
1.4
1.4
1.1
1.1
1.1
1.1
1.1
1.1
1.1
1.1
1.1
1.1
1.1
1.1
1.1
->delegado 326: 
1.1
<-delegado 326: 
1.1
1.1
->delegado 327: 
<-delegado 327: 
1.1
1.1
->delegado 328: 
<-delegado 328: 
1.1
->delegado 329: 
1.1
<-delegado 329: 
41.9
41.9
->delegado 330: 
<-delegado 330: 
41.9
41.9
41.9
41.9
41.9
41.9
41.9
41.9
11.5
11.5
11.5
11.5
11.5
11.5
11.5
11.5
11.5
11.5
1.1
1.1
1.1
1.1
1.1
1.1
1.1
1.1
1.1
1.1
5.0
5.0
5.0
5.0
5.0
5.0
5.0
5.0
5.0
5.0
0.0
0.0
0.0
0.0
0.0
0.0
0.0
0.0
0.0
0.0
0.0
0.0
0.0
0.0
0.0
0.0
0.0
0.0
0.0
0.0
0.4
0.4
0.4
0.4
0.4
0.4
0.4
0.4
0.4
0.4
0.4
0.4
0.4
0.4
0.4
0.4
0.4
0.4
0.4
0.4
1.3
1.3
1.3
1.3
1.3
1.3
1.3
1.3
1.3
1.3
0.0
0.0
0.0
0.0
0.0
0.0
0.0
0.0
0.0
0.0
1.7
1.7
1.7
->delegado 331: 
1.7
<-delegado 331: 
->delegado 332: 
<-delegado 332: 
1.7
1.7
->delegado 333: 
1.7
<-delegado 333: 
1.7
->delegado 334: 
<-delegado 334: 
1.7
1.7
->delegado 335: 
<-delegado 335: 
51.1
51.1
51.1
51.1
51.1
51.1
51.1
51.1
51.1
51.1
30.9
30.9
30.9
30.9
30.9
30.9
30.9
30.9
30.9
30.9
23.9
23.9
23.9
23.9
23.9
23.9
23.9
23.9
23.9
23.9
3.6
3.6
3.6
3.6
3.6
3.6
3.6
3.6
3.6
3.6
0.0
0.0
0.0
0.0
0.0
0.0
0.0
0.0
0.0
0.0
2.2
2.2
2.2
2.2
2.2
2.2
2.2
2.2
2.2
2.2
0.0
0.0
0.0
0.0
0.0
0.0
0.0
0.0
0.0
0.0
0.0
0.0
0.0
0.0
0.0
0.0
0.0
0.0
0.0
0.0
0.4
0.4
0.4
0.4
0.4
0.4
0.4
0.4
0.4
0.4
1.1
1.1
1.1
1.1
1.1
1.1
1.1
1.1
1.1
1.1
2.7
->delegado 336: 
<-delegado 336: 
2.7
2.7
->delegado 337: 
<-delegado 337: 
2.7
2.7
2.7
->delegado 338: 
<-delegado 338: 
2.7
->delegado 339: 
<-delegado 339: 
2.7
2.7
2.7
->delegado 340: 
<-delegado 340: 
30.2
30.2
30.2
30.2
30.2
30.2
30.2
30.2
30.2
30.2
4.7
4.7
4.7
4.7
4.7
4.7
4.7
4.7
4.7
4.7
0.0
0.0
0.0
0.0
0.0
0.0
0.0
0.0
0.0
0.0
7.0
7.0
7.0
7.0
7.0
7.0
7.0
7.0
7.0
7.0
0.2
0.2
0.2
0.2
0.2
0.2
0.2
0.2
0.2
0.2
0.0
0.0
0.0
0.0
0.0
0.0
0.0
0.0
0.0
0.0
0.4
0.4
0.4
0.4
0.4
0.4
0.4
0.4
0.4
0.4
0.2
0.2
0.2
0.2
0.2
0.2
0.2
0.2
0.2
0.2
0.0
0.0
0.0
0.0
0.0
0.0
0.0
0.0
0.0
0.0
0.5
0.5
0.5
0.5
0.5
0.5
0.5
0.5
0.5
0.5
4.1
4.1
->delegado 341: 
<-delegado 341: 
->delegado 342: 
<-delegado 342: 
4.1
4.1
4.1
->delegado 343: 
<-delegado 343: 
4.1
4.1
4.1
->delegado 344: 
4.1
->delegado 345: 
<-delegado 344: 
<-delegado 345: 
4.1
36.9
36.9
36.9
36.9
36.9
36.9
36.9
36.9
36.9
36.9
7.9
7.9
7.9
7.9
7.9
7.9
7.9
7.9
7.9
7.9
0.4
0.4
0.4
0.4
0.4
0.4
0.4
0.4
0.4
0.4
1.9
1.9
1.9
1.9
1.9
1.9
1.9
1.9
1.9
1.9
0.0
0.0
0.0
0.0
0.0
0.0
0.0
0.0
0.0
0.0
0.0
0.0
0.0
0.0
0.0
0.0
0.0
0.0
0.0
0.0
0.3
0.3
0.3
0.3
0.3
0.3
0.3
0.3
0.3
0.3
1.2
1.2
1.2
1.2
1.2
1.2
1.2
1.2
1.2
1.2
4.6
->delegado 346: 
<-delegado 346: 
4.6
4.6
4.6
->delegado 347: 
4.6
<-delegado 347: 
4.6
4.6
->delegado 348: 
<-delegado 348: 
4.6
->delegado 349: 
<-delegado 349: 
4.6
4.6
52.4
52.4
52.4
52.4
52.4
52.4
52.4
->delegado 350: 
<-delegado 350: 
52.4
52.4
52.4
23.5
23.5
23.5
23.5
23.5
23.5
23.5
23.5
23.5
23.5
1.4
1.4
1.4
1.4
1.4
1.4
1.4
1.4
1.4
1.4
10.9
10.9
10.9
10.9
10.9
10.9
10.9
10.9
10.9
10.9
0.4
0.4
0.4
0.4
0.4
0.4
0.4
0.4
0.4
0.4
0.4
0.4
0.4
0.4
0.4
0.4
0.4
0.4
0.4
0.4
0.5
0.5
0.5
0.5
0.5
0.5
0.5
0.5
0.5
0.5
0.0
0.0
0.0
0.0
0.0
0.0
0.0
0.0
0.0
0.0
0.5
0.5
0.5
0.5
0.5
0.5
0.5
0.5
0.5
0.5
1.3
1.3
1.3
1.3
1.3
1.3
1.3
1.3
1.3
1.3
15.2
15.2
15.2
15.2
15.2
15.2
15.2
15.2
15.2
15.2
2.7
2.7
2.7
2.7
2.7
2.7
2.7
2.7
2.7
2.7
7.5
7.5
7.5
7.5
7.5
7.5
7.5
7.5
7.5
7.5
0.0
0.0
0.0
0.0
0.0
0.0
0.0
0.0
0.0
0.0
1.1
1.1
1.1
1.1
1.1
1.1
1.1
1.1
1.1
1.1
0.3
0.3
0.3
0.3
0.3
0.3
0.3
0.3
0.3
0.3
0.6
0.6
0.6
0.6
0.6
0.6
0.6
0.6
0.6
0.6
1.1
1.1
1.1
1.1
1.1
1.1
1.1
1.1
1.1
1.1
0.6
0.6
0.6
0.6
0.6
0.6
0.6
0.6
0.6
0.6
1.1
1.1
1.1
1.1
1.1
1.1
1.1
1.1
1.1
1.1
0.0
0.0
0.0
0.0
0.0
0.0
0.0
0.0
0.0
0.0
0.0
0.0
0.0
0.0
0.0
0.0
0.0
0.0
0.0
0.0
2.7
2.7
2.7
2.7
2.7
2.7
2.7
2.7
2.7
2.7
0.0
0.0
0.0
0.0
0.0
0.0
0.0
0.0
0.0
0.0
3.4
3.4
3.4
3.4
3.4
3.4
3.4
3.4
3.4
3.4
0.0
0.0
0.0
0.0
0.0
0.0
0.0
0.0
0.0
0.0
2.1
2.1
2.1
2.1
2.1
2.1
2.1
2.1
2.1
2.1
0.0
0.0
0.0
0.0
0.0
0.0
0.0
0.0
0.0
0.0
1.1
1.1
1.1
1.1
1.1
1.1
1.1
1.1
1.1
1.1
0.0
0.0
0.0
0.0
0.0
0.0
0.0
0.0
0.0
0.0
0.4
0.4
0.4
0.4
0.4
0.4
0.4
0.4
0.4
0.4
0.0
0.0
0.0
0.0
0.0
0.0
0.0
0.0
0.0
0.0
0.3
0.3
0.3
0.3
0.3
0.3
0.3
0.3
0.3
0.3
2.0
2.0
2.0
2.0
2.0
2.0
2.0
2.0
2.0
2.0
1.3
1.3
1.3
1.3
1.3
1.3
1.3
1.3
1.3
1.3
0.0
0.0
0.0
0.0
0.0
0.0
0.0
0.0
0.0
0.0
0.0
0.0
0.0
0.0
0.0
0.0
0.0
0.0
0.0
0.0
2.1
2.1
2.1
2.1
2.1
2.1
2.1
2.1
2.1
2.1
0.4
0.4
0.4
0.4
0.4
0.4
0.4
0.4
0.4
0.4
0.4
0.4
0.4
0.4
0.4
0.4
0.4
0.4
0.4
0.4
0.0
0.0
0.0
0.0
0.0
0.0
0.0
0.0
0.0
0.0
0.3
0.3
0.3
0.3
0.3
0.3
0.3
0.3
0.3
0.3
0.7
0.7
0.7
0.7
0.7
0.7
0.7
0.7
0.7
0.7
0.3
0.3
0.3
0.3
0.3
0.3
0.3
0.3
0.3
0.3
0.0
0.0
0.0
0.0
0.0
0.0
0.0
0.0
0.0
0.0
2.2
2.2
2.2
2.2
2.2
2.2
2.2
2.2
2.2
2.2
0.0
0.0
0.0
0.0
0.0
0.0
0.0
0.0
0.0
0.0
0.3
0.3
0.3
0.3
0.3
0.3
0.3
0.3
0.3
0.3
0.0
0.0
0.0
0.0
0.0
0.0
0.0
0.0
0.0
0.0
0.3
0.3
0.3
0.3
0.3
0.3
0.3
0.3
0.3
0.3
1.1
1.1
1.1
1.1
1.1
1.1
1.1
1.1
1.1
1.1
1.1
1.1
1.1
1.1
1.1
1.1
1.1
1.1
1.1
1.1
27.3
27.3
27.3
27.3
27.3
27.3
27.3
27.3
27.3
27.3
14.9
14.9
14.9
14.9
14.9
14.9
14.9
