-----------CASO 1-----------
78970353
80803310
53568358
58758751
48351084
59299337
55708515
59428617
57981793
53368678
56032782
56352782
86197649
110606791
86610235
58751925
102327762
102314536
71684175
71589455
58603019
61282908
52356627
59235338
79778031
65810262
49102870
71285669
71213989
73722359
62014641
46472474
81282029
81451842
76522995
82458348
74762571
75040758
78821445
237530576
87619302
140790007
141151820
141231606
118940435
104552399
49958336
55655182
51365054
57184780
57472780
56712034
57558540
59301044
59577950
59999070
47868952
53171559
58001419
57782540
55017743
58238646
58154166
149368982
56393742
51275028
55223396
65618263
70414843
53653264
57305954
47987566
67838207
62093148
67478100
69797030
69656657
69781670
64290905
51837800
68954366
62414853
55394063
63217412
55206756
140661153
182650219
55223396
70672550
56636088
56838754
60416349
64543491
66152875
55766115
69736444
52360893
89585379
88141114
93194121
122965602
64066052
61385308
64412077
65454423
118038462
113834947
121785444
114062361
108340341
108450848
50556949
88832740
109785033
71243429
71400442
71291642
49982229
61996720
61926747
69611431
74930677
71045882
70934096
71187536
60747015
64094211
63112879
63041199
66331222
61498375
68987645
137003345
132330071
127876956
49485163
52475666
52234599
72619001
57441633
53998011
62540293
62455813
56412088
56303288
65522263
173666765
170989008
80570777
80674883
80529390
58640139
57009847
69497938
96585263
86005650
90967777
97132249
189798584
63449945
63486639
62317574
64756823
55105209
55376996
56742327
78124273
61619121
61133148
66949888
55182863
53083665
67981993
67363754
58056886
61014962
60802482
63250693
95581318
66548821
68957778
68752125
66220289
54838116
57429260
134110121
69765030
61309788
62450267
62587653
57866166
59717897
68105726
80123630
59369311
59480244
62681093
65409197
65473197
50723348
-----------CASO 2-----------
61728348
61032029
59248991
62137520
60726536
61051655
127802290
102148990
48150978
63120132
55426916
68203859
68243540
68484179
57440779
59578804
50242069
59645790
65125890
55963662
60331016
61965574
57104140
56622008
64062211
50842389
57663073
47686766
58006965
54836410
54372623
61656241
61442908
52500839
59026697
53190332
150686953
152509245
152676071
57322593
54680250
53360999
54530064
57157047
55106917
56810167
55525476
51311721
120384273
53506064
53559398
74330358
72420601
55469155
56133475
60575069
65896450
63587332
63551919
64256771
70126843
75387636
69086205
108410741
93625480
59207605
59491337
59611657
59613791
53508198
51776787
76234142
76484595
53998011
68182100
72863907
73002573
53842278
47641112
86768102
100206378
101206057
112724336
99432833
99684139
114533400
52377960
58441738
68676178
82331201
79869338
80101444
80041711
80090777
56533261
65677143
121223525
93965107
56833634
56916834
56954807
57155767
72626253
62777093
63754159
60954376
51778920
52830652
55083023
55177316
129849860
65213357
67120981
54820197
130800472
119687100
129276848
125126666
54853904
51926120
54969530
124244321
54095717
55909902
56150968
64966317
65373357
49151083
55542543
55894115
53972838
54739130
61978374
65493676
65808556
57846966
55995235
59933363
60568669
66885461
64924930
63596719
63660718
58290272
119758353
70003964
82171202
120369766
125004639
125000800
125061814
125200480
58475019
54036837
58941792
58753632
54694330
53870438
57304247
58519818
60038323
135743826
60476936
60988935
61009416
60976989
54736570
61731334
53129318
48849431
78885873
59056564
56899768
57099020
53490278
53774864
53506491
49367403
55115449
55530169
51101801
58770272
58701578
51195668
49911403
52792679
54290277
67175594
54126437
54323130
53728784
101694163
124693600
56282381
57395554
108830154
119919633
75216543
77980060
80534510
-----------CASO 3-----------
52764519
49259883
54587664
52465000
60284509
63874479
51637267
51855293
78191260
91399563
50431935
55752462
59536137
54550117
60176563
60427443
160193075
74278731
87361595
78566299
74948171
64902317
60348509
58931125
53305105
47533592
57800033
81969815
114023961
122698510
125198773
56867767
56694114
91562123
94857265
54609423
54896143
68607059
68652712
52037907
63825838
54410597
55670969
51342014
52264040
51167508
52791399
80764910
58120886
62868826
69277351
49768896
68099753
57288886
57223607
67042474
71997348
64717997
67280980
50612842
61495815
52804626
59405577
65245783
70649936
57427980
58731872
55698702
55268196
151718206
69770577
70336763
72996173
73126306
54537744
56836194
61336241
98726700
65704450
56512355
56429581
108116768
94420785
66483115
66751915
61263281
58727178
82733547
75561290
80464110
73953612
69029885
76695795
78408007
61703601
52610920
58449419
53995877
54385424
49884949
51470868
61519281
68968871
61527814
69290578
61480454
61650694
56624140
65486849
70120443
58000992
62236934
65412183
69051218
65337943
56122382
54557797
76900595
68953085
61793201
59869363
60990215
55476836
48483351
60779442
110680178
65621676
55103929
55316409
133740628
134063188
140534433
105205626
57221900
60127923
54735717
55398329
58693898
53305958
53422012
54540303
201434196
122707896
63432879
72006735
50477162
50495936
55395770
55616783
53139558
56219234
92110815
114409240
233196075
233258795
238985507
238939427
60761949
62118320
64559277
66797568
54170384
51918013
86524475
110876445
57735179
57165580
61889627
75917556
63054426
75863796
72248227
74256545
53279506
55998222
58640138
74577398
51510974
73759905
74442572
58293259
53046546
57142967
51667560
92255882
57479180
57019234
55954275
59295071
46824047
62979332
68121086
62891866
54583397
58449419
52090386
58854751
51088575
56354062
56349795
-----------CASO 4-----------
51332200
53426705
85491090
54595344
51060841
92051509
95284785
95258332
60376243
61801307
59564724
52978705
54420410
58736138
58610698
54715237
54541583
55141050
54269370
47550232
171347834
61096882
62636293
67290367
159426356
153441084
124167521
56738487
67772073
70167803
73409612
70308176
58102966
65039277
65951915
144594588
108837834
110668232
118170302
121004645
65805142
65775702
65825195
64499970
69303378
63845465
64851117
63552772
52172307
55326223
54596623
51650921
61767174
57424140
63873625
63778905
123626082
107876128
63379119
52249960
62024880
73203107
59920990
65745836
61110535
61191175
101868669
102313256
196219483
196275802
196294149
196383322
63749465
67500287
65336663
61178375
107227169
101892563
148713623
75752436
54688356
58326966
123538615
53414758
54648677
58952031
57053794
61838854
51990120
53340518
56655714
54980623
57247927
57248780
96523397
131035565
131200259
97162116
93182174
63876185
48784578
53697211
54834277
60046856
49847403
61249628
63360346
58904244
51342441
61337948
59979016
51494761
69314045
70781776
70981029
66959274
64089518
64923223
57468513
57643020
57732193
57911392
57896886
61273948
51954281
51733694
58260405
116919743
113631854
113751747
113737241
48839617
49206977
54470757
48932631
55028836
56272568
60871176
61257735
51233642
52304147
54710116
51591613
52552466
55052730
55234916
55176890
70495056
57741580
59025418
48904470
59679497
53948945
54198970
58858591
58905951
60220936
66341462
52132200
53007719
53241105
49704043
73210786
183166059
173686818
106520611
101627176
243480435
243433928
239478733
53043986
51054015
61667334
121552911
120958565
56887394
57138700
58745951
52660839
126752691
54510436
58854325
57682273
58647392
57120353
57215927
50227563
65091756
90256097
90403724
49478763
57372087
57224461
59281845
52596839
57368673
59828404
54800570
57480460
84028906
-----------CASO 5-----------
119892753
94603399
160114995
151057727
150098581
139105529
76945821
77059741
77942087
60828935
54309477
63966638
60972295
58225418
66668714
70569724
57503500
70806522
53827344
55100516
56738061
75396597
126425865
112038256
119282194
110350792
84311359
67074901
62693893
79877018
54605157
60773896
61480455
61040561
64855810
64808024
52831505
52957372
30021935
30015535
48987670
120918885
94356359
62743813
55097530
53951931
64302425
64577624
64559278
64654424
64703490
54963983
59290378
132706390
97183876
97459502
82571414
103683708
111187058
65753515
92621535
57605473
59074912
61399388
59734963
52665106
50448149
50612415
53863184
48322925
50642708
51824573
133130070
115427265
120140219
115396119
52788413
55186276
50493375
60455603
63129519
64606638
73029880
75209290
108969247
114392174
58054753
70524496
102882002
167647359
167899945
168068051
127834290
77821340
62067973
77484274
77362674
51731560
56005049
55908622
67175594
69014525
49766763
70625189
67772500
53819238
61401948
55024143
146108827
61200562
58419126
51857426
50765161
54539877
56301581
62774960
53848677
146248346
144760135
95090225
95199451
123340642
123261282
123378189
59921417
52722706
63701252
63714478
64983384
76374942
76669342
76434249
64947970
55149156
64564398
66608981
64534530
59583071
50965268
60904882
53772305
62095708
52306279
49637910
53995450
111735750
56767074
56953954
51770814
106870050
96512303
58183606
59714484
56787554
57698913
57483873
51769534
73280760
71778895
58236513
57454433
52697533
52025960
59213577
49129323
68300713
77209074
60020403
54746810
52025107
72392014
72211961
64840450
131415298
59271177
53823078
67217834
63112026
56464994
54053051
59763977
57036727
54601744
48411244
58393525
57563660
56218381
57584140
57680993
96100997
58351286
95280092
110004339
54626490
58896138
52330599
58938378
59784883
53484305
54333371
-----------CASO 6-----------
73079800
70457509
65864450
52685586
66928128
75900063
56382221
56447074
78269766
88685540
128237916
128031410
57232993
56162488
131799724
132074071
101156138
55600569
103332562
108221302
60261470
52123240
70101244
73591800
51386815
52566973
164466990
173468364
174807669
119663633
101394644
101388670
101387817
101416403
61899014
62098267
62263814
66411008
59372298
59542537
61197575
68887379
72687267
56570381
63701252
77078515
69043538
181443181
178561904
183544939
108528927
108152608
108089036
51704681
56873314
52366867
53741585
53708731
55547662
52036200
52244840
69688230
65691649
57067447
60124083
61035442
57127607
50198122
56557581
86176316
57638753
58247605
58412725
58302645
62055174
51271188
61257735
51145748
147564612
146783386
159408863
157882677
52139880
52156093
49011991
63524186
53750117
58324405
55840356
56158649
50046229
58513845
55760569
48427459
55626169
57309367
100812244
89382285
100887337
101090431
101261951
56689847
56892514
60133043
50880788
51585214
51912894
97761582
97783342
76321182
76384756
76649289
76793929
76821662
76648435
54553104
57765046
68036180
62768133
65506050
65457410
65492823
67048447
57846965
60238856
52233320
52415080
57609739
54200251
61256029
57743712
60258483
57603340
156705080
138352463
154986469
138630649
155034682
138726650
47914179
202521340
55732836
55548089
55585209
55651769
56095928
57065740
54200677
56522168
53060626
60500830
60945842
61254322
60440670
60846429
60182109
53752252
52693266
65103277
73340493
63683758
64555437
62625200
57242380
54862437
51107347
51000255
51751614
53615292
52666386
59691871
54972090
66068822
73846945
58171232
59523764
62646533
84830612
89847778
91779296
54855183
53794918
58446005
58558645
59485364
53659665
53938278
73967692
60950962
55673528
55840356
79784431
84135572
68262739
58408459
58495926
51209321
52799506
54701583
48610924
-----------CASO 7-----------
54157158
131354712
55714915
55822862
58876511
71154255
71220389
49187351
72194468
157369398
56141155
61928881
63062532
50573162
53957051
66835541
67764820
78328220
62329947
60778162
61781254
61821787
50670442
175614922
196847535
196366255
121366884
123225442
123380749
134586707
91978123
171645647
117713343
117455636
169042557
174569590
203104167
163206191
206764962
208815520
155304334
123184909
61470641
71542948
69412605
58175499
53547025
71109029
76150942
76210249
71301882
71420068
71444388
71687588
57386593
52616893
68979538
70487376
73890039
54504463
60059656
60199603
67499007
66033836
64034478
63243012
55646222
60244830
57010701
73003853
76682996
57728352
64232451
69848231
73188600
55937209
71773348
71878308
77769713
180469956
55960248
54063291
52684306
64142851
67267327
70760016
75702517
54233104
59239178
59207178
58955871
55650489
66464342
73200973
65727489
51834813
74970784
73930145
56118541
55138916
59643231
54798010
54995556
57447180
58630751
58935818
59016031
53977958
61407922
64480771
61587121
55694862
56543501
67151701
66330369
55225103
77563634
75488756
69776124
71599695
57780406
66816768
64875011
61849094
58774539
53283771
55165796
58338059
56793527
51037801
52552893
56045581
65249623
65172397
68693246
68797352
64229891
56892514
60826802
65145517
120680379
108429514
120774246
120005393
53344358
56671500
54032145
54538597
64367705
102728829
63333892
60708189
65292717
63834372
61681841
110677618
88775140
76125343
79590725
72491854
66080342
56870327
73681826
64380931
55896675
67285674
68781992
75865076
52926653
65022211
56926647
81745389
60800349
57318326
73724066
75663263
66073942
139415288
69923751
71469562
69922471
70047484
61611441
61723655
68502953
67206741
112968389
111804017
115387159
223614434
223474060
223448460
225005365
115606039
58029579
49275671
49464684
124857013
124700853
102193789
-----------CASO 8-----------
56114274
48856685
55802808
57463393
51893267
58574432
67729407
69792764
58300939
52859239
53806011
57682273
57151073
57633633
80749550
54504891
59141898
59577950
52635666
54388410
66422102
63905198
60133469
59957256
56222222
56174435
85852904
60247817
65029037
75689717
57430113
57219767
223568781
192926900
216104683
56496568
58119179
58586379
64621998
65005143
68066046
57932726
68070739
112141084
97032836
54162278
57603766
57427553
52226067
52325906
62612827
63864238
55937208
50987028
57115233
156841185
53089212
55821582
57660940
138387876
143279177
127317597
60498696
53169426
53544038
60914696
60895069
99968725
76713715
77204808
57694219
49792790
126835464
70521510
72329720
54978916
57476619
57593952
53706598
48819991
50685802
87442661
87425168
69131859
66612394
70843643
63314266
50200683
53265425
53641318
62678533
49148951
56868194
77979633
65691650
71580921
56558861
141003766
141085259
143042377
56504247
56741047
131433218
126851678
67945299
52188094
53495825
53485585
136069373
138968996
80571630
80367684
53606331
59016458
58182752
69488551
56184675
61020935
61985201
61939548
57543607
59030538
57645579
72985933
71224655
66643541
72079695
56890808
55511396
176307827
167634133
74254411
71920548
76464542
74207052
75854836
59328777
81804695
80258884
134763347
61867868
66201515
66136662
58592352
120847632
112057030
112233669
53688678
60114696
60240563
60304563
53989478
57145953
59123551
59136778
60673202
58715232
62733999
62967386
54994703
51172628
51159828
51711507
87956368
59978590
66509141
58410592
57578166
60284083
60169736
60238856
108475595
104845945
105060986
108959007
55135076
57813259
63232346
98228781
58912778
61341788
64361731
65438209
59583924
54367931
48929644
61828188
57469793
57998859
58166539
68521299
65821783
56199608
70969936
111096604
139653368
57931019
66664021
66643115
66608981
-----------CASO 9-----------
114174147
155495481
156439694
157746999
96142810
56408674
61540615
59474697
61744988
51221694
51409854
123418295
87027515
64083545
49873429
67344981
67719167
64045571
68106153
51232788
59912457
65744556
65001304
63069786
53334972
63862531
63905625
118971581
109884019
59692297
70933242
64816130
63023706
58441738
60733362
56253795
59596723
59162804
60942429
51451668
194878044
195277830
195213830
67124820
67297193
73542733
53041426
55503289
53378492
53655825
59548511
58805685
58892725
143279603
104273360
129491461
69984337
70285563
70174203
59477684
59348404
126866185
127411037
126903731
165963307
166604160
60851975
66271915
66318849
56075875
52153960
52433000
46987460
53831611
60761095
57743713
53247079
56396728
62757893
59162377
57981366
56795234
91381642
95327451
59807071
82009922
66463915
64141998
51369747
56563127
61195015
62445147
61331548
45884528
53987344
54098704
121248271
134233855
88011408
87739194
88010981
51761000
67557460
56187662
65426263
65788075
65773569
65826049
65885782
81510722
55235769
59411977
120193126
120312166
120457232
120528059
120551526
53772732
60747015
55964089
71216549
79288219
74582091
74339318
47876632
77485981
67977727
211788529
221851023
200204117
199176705
192015114
114437827
65014103
109288820
50072256
56754701
59171337
62545413
62496773
62767706
54244197
51394920
82783894
93423667
78481393
78661020
79170458
74243745
55433315
160070196
158557664
158587104
158686091
128251143
137127505
137078864
59787017
62587226
60824669
61011122
49951083
53751824
56671927
56943714
54134544
59039498
57012407
61054215
64650158
56924087
60961628
118505662
74468171
86494183
85944636
126528692
123272376
49107990
60426590
62189147
65658796
65167277
69160018
69031592
68497832
52866492
59400030
63919704
67624447
66224555
54277050
52893373
64463704
52572519
61475761
54518544
58856884
58370485
55399609
-----------CASO 10-----------
60379656
64660397
65331544
61340508
61225735
79113286
77042675
61386588
129051141
59921416
60127923
60165470
50207936
59186271
58963125
58212192
63568559
92311775
83609920
106596130
57598647
58448992
66280875
78757873
78621766
58421258
55544249
61812828
58668725
53888358
60971869
132993963
134484307
76214089
58354699
64809303
70408870
96984623
128090716
69752657
53739452
60959922
60508082
67344553
65312770
97420249
105095545
74832544
126116105
121237178
63515225
63602265
65596929
58787765
63181999
76174836
50648255
80849817
86547516
95616304
52531560
128188849
128283569
128209756
61194588
55630862
58401205
58524512
54749370
48659137
55196943
55481102
168981544
58043232
117158250
118812008
118875155
58095712
58647819
58675979
64267438
142727497
79370138
60723976
47314713
56239288
55225103
52878865
53448038
75702943
52770066
84308798
112923162
82304321
49108844
52517906
56481634
51072788
51325375
61070002
60260189
62722479
79703792
79282672
53527825
67937193
83369707
73144653
56735928
56958648
58968671
58941365
57869580
230277678
133460309
54082491
58898271
61527815
66058583
58008673
54347024
68489726
193726045
217309162
64848131
70075643
72676600
72694093
57403660
49890496
67960660
64129625
61038002
66864981
66862848
66901248
54526224
48732951
52520466
51591187
113447535
95920091
99643606
101474857
60267443
79709765
78733979
64050691
58113632
59740084
51576253
52759399
51724307
142046965
61488988
62263814
50780949
53922064
62033841
62549254
55558755
47695726
52002494
53584998
57014541
112733296
113999641
113916867
113640814
61610161
63885145
64013998
60511496
79447365
61435654
128098396
131547992
54431504
60892082
53164305
56087822
60605362
101687336
100755924
89168526
49431403
53785105
53486865
56434274
119361127
131640578
123569335
123609015
94698546
96219610
48868631
54987023
57072994
49117378
50067136
