-----------CASO 1-----------
167919145
169258450
118051689
125999198
108303222
377509490
118356755
110012446
116175638
120821179
102987815
106438264
119947367
98688300
102938749
247429230
188693092
190414263
165934295
162701445
145571654
150566207
180556142
163683204
154060176
167053439
149969301
157189772
157195319
157275532
114430573
134777428
141077152
141842592
109977886
115338946
144435015
144487921
155471161
154502629
318380819
331404803
354578319
354790372
408546464
423091511
259786761
165915094
164459736
163482244
170407889
169673597
172717432
183546219
184987070
112306630
118680595
115502359
119613713
115031746
110056392
109499166
114698093
179969903
173400098
109537140
109708232
113433881
114315373
103589841
116768278
108606154
124196108
131180632
120145766
124369334
124931254
128670982
110352499
141775179
102747602
110899485
119560807
127507037
127713969
108536608
457054989
123603469
163485231
155363641
158701450
158643424
158829024
159005236
115532225
126212958
105881892
125271733
133321643
129229061
125992372
185035710
168382505
126042292
133556736
123947788
124612961
128660315
129034501
191181835
190994955
161712860
112932549
144080882
214233326
217704254
216015510
181889474
190650636
160749021
150891327
153829350
136931238
136931664
137093371
107092770
120683366
222000783
209045066
218877160
121884004
125107467
130129327
135098707
112640709
222159502
214884845
113121135
108677835
139685368
129238874
113879321
113838787
111740017
119248061
120222993
115846252
117339157
207744588
208070134
224711819
227120776
232070530
115288599
114406253
138569210
116658197
120801126
123906828
229392773
223085367
135552680
114997186
124363360
127055197
106228771
124575841
113914734
114314094
163024431
171863674
127926023
130586286
131351725
125273439
123373069
121534138
172408099
166349440
166642986
162151900
166887040
116466198
145598107
147269358
108577994
179220677
184152938
182677099
180741316
137878437
118187368
125486346
123504055
122362297
110845725
119086780
119452007
119433234
126566238
-----------CASO 2-----------
111929883
110014579
135287720
127736583
117408703
117823423
110904605
127595357
167636265
141767072
133626282
129811034
130179247
130259887
123463522
122643043
118385768
131457965
126020532
135442174
134728361
136362492
118522728
121235045
129410395
113454788
109548234
109610526
105809785
108806260
111513457
109893832
125070347
105006373
149742741
161954779
121010192
120819045
117185983
204567205
215714283
113826841
113694574
113238895
106569250
110859805
112577990
116993131
116485398
247369070
244556487
170043089
175624735
128655622
137536250
137883130
124764854
285095315
321984868
284246249
322333027
182846059
117222250
108305781
132510977
128367622
128370609
131099566
128371889
133842602
116926570
115995584
116044652
109497460
116030144
120319846
109670687
132830550
118179689
119408913
127633330
112408177
105085732
116717931
116963690
100271231
134260308
165305388
165514882
171911460
202119848
198436866
203761232
198415959
142590111
102526163
129799088
112353137
170519675
168397438
169769596
156983693
151232233
123438775
140459340
170106662
174793590
174805963
174803829
170857168
103973841
174040098
174985163
106328610
117531582
119483154
110015006
115144813
207632374
201738409
205436750
100101418
161956059
189049358
188833892
185036137
184995176
109346420
104199120
158940810
110811165
118471102
117776062
124440160
121886137
112799855
109923699
111036444
123010829
126159625
124135521
123324429
148714477
127010824
113414682
242938142
124872800
130439513
130494553
130474500
130540633
130689966
149003756
107036876
132433324
110688285
122715150
122512910
115444332
119966567
116030145
117006783
274261836
240782199
239859747
248570135
287981711
288596964
112586949
103979814
99377792
106220664
108892447
107487009
126369972
126237279
136321958
107279223
221676516
210064371
261993478
210300318
210799517
118156222
107219490
114152387
105341305
113024709
121936058
122330297
591226550
119228008
106547917
129278128
129409541
139254009
100009259
200256170
198459906
178177052
-----------CASO 3-----------
112094577
100275925
108435915
106116558
110042740
114920813
107329996
106019277
112671429
107905141
133250817
124749920
125674506
112649242
112407323
104737573
116685930
239891747
209684639
134859774
147659757
136976465
141299873
147437891
121206031
113887001
119992593
100396671
114138307
180947822
181994860
237332177
228329094
114027800
117079317
160277555
157532812
213879193
213872793
221912890
220024892
97446702
110916978
108556234
120025446
123474615
124518667
114786840
120970939
136328359
137782437
130635779
121107471
153735056
154086629
149562262
157875425
122923790
121756857
112874522
126462131
106107171
118724115
116697877
150554687
129897220
128969648
144295068
113480814
107585569
209679092
232800982
201597182
211072157
133089110
147702424
149720981
134901587
170616101
150280768
154889615
182031980
114565827
160929500
161931313
151740819
148504130
105645092
114541080
110662258
119565501
167081599
196048816
160157662
142870431
132448684
132710230
106851704
107099170
181856194
189756771
193217459
107619702
121542244
114135321
115262146
114154520
141671072
122122084
119965713
301521534
291426186
291828534
286516966
295206448
108731168
113831107
117426197
148112877
122763790
127942236
129267888
139091449
109159113
124844213
116317718
160184541
123016803
123015950
122934029
128336476
133453909
119509607
253050983
176309961
113926681
114621720
106888397
110333726
111746417
112794736
128932955
153529404
243326408
250791786
187824827
189101412
188093199
188041146
109952712
112874948
103637627
113453934
150418154
151331219
139591075
146364399
126326878
135344467
117513236
116275051
117434303
110235592
114396441
136380839
136871078
122532963
127193010
139491235
111001032
137570810
134481321
144576669
148437143
118936168
131463511
107747275
109683060
117551636
117191530
145065201
120948752
101200083
106423331
104513573
169768743
136127399
165130455
165351895
123038562
125731679
119412753
110358472
139730595
128830555
127047944
133273856
111456284
106133198
109155274
-----------CASO 4-----------
118164755
121371578
121575524
148378690
179494170
173321165
150390848
162159579
113441988
134466388
114518467
115391425
120631312
122535950
123082936
130637912
96374490
116806677
104303653
105627171
106482637
211453596
207489015
207621708
126921650
134466814
196719535
287460325
309948190
156589453
180352196
156772066
127792476
118785555
118776594
130603780
106840183
115455852
117086144
117276436
116333931
112708549
118930195
119078247
118972434
123594508
121166779
121650191
144327069
150796607
160509661
112808816
110779592
110881565
112736282
120505872
99807872
108691914
208092747
177516573
102799655
105604984
115783959
115950785
118895635
112845936
111607324
157641185
208015094
201229396
201494356
210193651
218900626
219279506
165552002
128210609
151690473
153127057
153491857
226505524
232576129
234333140
166067840
182174487
165799894
166112214
107318049
111792923
101889576
103548027
103338961
117150570
120332219
126922077
114969026
112713669
100944084
193189726
204369232
165640748
128683782
128887729
109326367
107469942
117858836
115196012
114099481
161184220
154728762
166442881
109675380
120650939
117706942
119293714
117746196
143642696
119142674
119441767
115053933
128951728
125023840
133829375
125030667
115181933
105821304
109191114
112769136
114459587
118237715
118294889
118381075
137581477
156935479
113290095
114001774
107568929
123096589
118284649
118164329
107954209
131514712
120033126
124100535
115346199
118863208
118912701
118883688
132719617
131161432
137256358
127919197
108892447
115846679
117328490
114651159
107174690
111322311
109052874
100459392
108433355
111335538
105505146
119307367
166231680
170917327
241001504
284616169
197261828
197285721
201526782
334290345
133204309
161768753
137057531
135536467
183531285
183581205
183650752
108307061
107079117
149350636
153917243
470261158
127945223
131611139
120749072
119375634
120577553
143957576
139203235
168578771
144675228
144491762
144853148
113799108
107067596
104264400
109648499
113702681
123531361
-----------CASO 5-----------
172957645
190246583
226408244
148682903
155438308
136964945
220955024
220975077
156319800
210429597
108930847
118093076
128147036
121457338
125210720
126846558
126963464
110017992
122310244
130493700
112740123
132351404
115370519
122745443
129790128
131699458
218234600
209903518
176052255
149046423
228385415
240817185
238539214
246109552
167695999
167085013
122787257
125194080
355543438
357361036
357358476
344878919
325259104
417389119
153110843
159820168
362579590
351941096
364641240
363328815
354151227
149539222
117408277
118784274
184125631
184534803
238069456
238188069
238180815
219057639
179859824
196290308
164286936
164287790
127741703
114783853
117065237
119089341
122936162
126939144
110305138
111377351
115778838
112749082
117258517
117286250
190564449
167181866
115576172
113242309
271520933
260351240
260451934
260463026
192158900
130822232
170467195
156107747
134835881
187757839
184796777
188292453
282798572
300605055
215036738
138876836
219228306
139446435
139704568
141387766
131837698
129165914
113569134
121012325
123910241
120559633
119454140
125950559
118759528
209860851
203894779
101201791
109860553
202060114
196972548
202070354
187423760
110309832
122764643
164496429
166724054
307330593
302432040
310476403
331079256
122376803
116416278
116420118
118250089
111360284
111467804
111623110
135915346
111747697
110497139
114035481
120080059
103427281
139019769
138529956
137371130
111106844
102646482
114410520
122915256
121280698
167220266
185197843
192655540
110444232
167743785
237877029
154538469
110540659
119834727
120705979
111509617
109309727
123861175
180519449
136796839
126023518
117980862
119840700
117181290
124510134
129604954
154827322
130746286
113569988
114541934
116172225
111342791
119120061
219141266
111854364
112062577
116036971
132584790
126376798
128742235
128909061
103261734
106749303
107520289
111660230
97126276
114809027
115682412
123767735
141782432
125142026
172591993
212021488
217288682
163753603
176691401
175779189
101098964
103006161
-----------CASO 6-----------
196692655
118570941
112417136
105847331
111775857
139315875
150211221
151225833
145370694
114582467
191256502
195721990
237880868
185894162
190635276
190666423
114865346
162980485
113732975
120695739
164193496
152569831
166756480
160219955
104133840
105068665
119505767
139152462
103831334
209816905
223946807
231859756
231936556
227564936
113299055
111561671
109868232
105493198
134614868
139424248
147301358
147301358
104907813
110911431
117883583
109678367
143515550
121484218
119144807
122159630
206559309
208920906
209126985
172827512
116522518
118917395
115280492
114093081
111514310
126587571
126823091
177434227
188893199
158896863
163051738
174720203
108307915
125364320
126331571
99353899
128824155
129076742
122515896
122605497
118764222
128565169
129917701
106013304
114802200
128474289
117207743
117450943
220733584
209169652
214779458
135863293
106019704
103363281
130818393
148337303
118988221
126538078
103891494
116821184
117778195
120128272
115877825
116240065
105630585
150387434
156631693
116217024
116172652
116205931
101213310
101373310
102153255
144777201
150600340
211550876
211492849
211689543
211675036
211732636
211719835
167238612
185842109
105825144
114422467
115146946
115134999
115274092
115449879
310510110
310757576
113095961
113073775
112069829
112142790
112160283
116633451
107004450
108164981
150078101
137810171
136758012
147273625
149494422
147518104
107215649
133039189
183390059
184297151
184342377
184378644
184422590
184536937
108138529
102982268
259886600
260029961
258354869
258389003
260097374
258114656
264695982
120923579
101245310
125873332
127345330
118471955
123917068
120551525
133694976
138800462
109846472
108513568
100824191
104089893
112896282
111640177
114598680
109482527
112927429
108280181
108471328
105420238
135903826
135184041
131234392
161314353
173706017
155053028
172239993
177190173
181947074
185126590
183916138
105780772
110336286
108843808
116564330
108771700
129148422
110502686
110560285
140908620
99736619
113495748
104723919
-----------CASO 7-----------
117070783
108918474
281528386
307519606
257710603
224591500
224512993
123892748
119362834
121078458
222686009
223054648
223120355
219369106
220731451
115501505
115917932
109433887
178299078
139167395
151597032
186133948
126116532
121581498
116307051
104309626
201453822
213990553
213982873
210142878
204691791
486431377
525825887
515019287
271822159
229411973
271988985
331082670
317259541
333629866
319467537
361272285
189172665
268919976
268910162
194005512
108677834
152957671
134989054
142125045
201923581
202337021
202331047
202348968
202413821
103478054
129302874
127251037
112551963
127018504
123123042
120535313
132060418
128749062
121340431
120581819
107172556
124323681
122466830
129691140
121346831
141144139
150418154
146573039
119449874
138086650
126454451
126458291
129674928
126946398
272034212
280770200
122397283
133009324
133244843
133136043
133431722
105157412
134217215
126469811
153329724
130859353
114485186
162972805
115155906
125581920
123172962
127787357
100203818
122926349
134579027
133295189
126320051
105040079
149473088
149225622
139042809
177129586
137048571
137368144
113622041
97354116
144698694
190400183
191342262
151611113
111854363
111662364
115005720
114856387
155899961
111530950
116228544
115114520
114572227
110735218
112887748
120370619
111128178
113996227
106811170
111956763
191757835
183832938
188507919
196565935
273798903
209337759
209517811
209550665
111521137
116019479
113175748
124717067
203432699
156138894
127978503
125380106
102601256
103209254
152806204
157734624
106401998
109526047
109727006
122528697
195863642
212268102
231849090
222011875
128514822
119399954
138337530
157520438
141339126
132020738
132378284
138774862
111280498
160105182
170937381
184587283
123766028
121790564
121805070
124269920
109493193
159835529
225896244
178842651
235291433
161058780
143645683
144418375
140360354
155405454
132131245
134263721
134941694
195576496
196420869
198244013
199246678
311028935
215426710
250010560
251100692
147050051
147591491
251066132
-----------CASO 8-----------
171778340
121584485
117089983
116963263
112667589
105983865
117645930
117308863
111497244
127401224
137449637
126562824
123774989
114069614
121487631
131873112
146628506
146779119
107694369
95586864
112181617
132580524
116438891
130041433
115552279
115527959
103494267
166926719
122430136
122544910
122816269
116452118
123362402
108167115
110904178
351837843
289954616
291157814
186162961
186296508
133381376
129729968
112950042
102468562
117278143
172582179
137990650
187546213
111619698
110072605
109862686
112922308
111544177
94032093
112481563
105391225
206854562
207948107
208012960
108393248
105347278
115830465
201250302
188091920
109533300
133415936
133345109
125770933
147901678
149922369
163316271
151440446
100560938
183977578
186776935
165453868
165489281
165228589
130345646
120263526
99887659
118087528
116075371
143081203
137953957
138420303
160189235
145753413
120681659
104655653
110736072
111006151
114476227
128306609
104431653
100060032
115254893
133302443
107822368
119542461
191408395
209825865
209958131
215212951
191100342
116642411
118102889
116784490
102260776
102945575
164896643
157748705
184605204
108304075
145907440
145639494
134210815
131703724
122041017
121660431
114309401
205902670
163538991
213549806
121219258
126326452
97448408
138805156
141607925
103365841
112011377
245470832
143204937
147984024
148010050
154407056
137476090
144334748
146146373
151519806
202597714
204667045
202391208
204667045
129024262
126333705
128201223
141342966
155867107
155628601
156010894
162769285
127166131
127161437
127396531
132438444
119626941
112003696
113641241
112865135
108423541
108426101
108681674
125159947
151921299
144951282
162395526
150883220
127938823
128493915
119834727
163354671
211445489
208235253
210153545
214087833
218852414
163225818
169593383
107184503
107708448
112279749
108054902
98289367
119317607
119074407
122768056
107863329
113385241
117796969
116213611
112969669
106283810
106726263
116619798
152919270
117625876
120601019
120382565
118153662
-----------CASO 9-----------
94869638
174990709
172472953
141739339
204571898
168306132
122567096
124084321
124930827
107059489
110108019
102454483
116300225
183476245
101563177
116628757
114015428
114048281
117730836
152699538
157226465
121957818
125732105
116916330
133306283
133356629
133252096
108369355
103010429
205690190
120272486
102880722
128558769
130785112
133136896
117587049
120213606
191474101
181854914
129587034
124747361
128740955
125508959
227674589
227627655
160440541
128514823
128501596
124154294
115364972
107093623
116354411
117998355
118311955
107853088
199102465
254389435
255187726
248954988
201485395
201439315
191804341
184529257
177673159
231967277
229272454
317455807
178775237
294164103
109491913
115393559
113407428
116464064
117436863
103259601
98070915
112822469
103172988
108024182
121488058
117694142
118703208
118764221
133794815
120501606
127915356
138219343
152139326
128627035
128856155
146654106
148694423
148698689
97491928
117686036
117416383
104477733
109195380
113004229
112163270
116239211
102560295
134996307
175246709
177788785
178007665
187652454
179503983
181274221
108991007
192428980
155873080
147841091
147738264
147873944
147876077
148019438
190578956
106588023
122214670
118201022
124597173
126754398
128504582
115401239
105737252
117955689
120883899
100542165
111698203
104638159
111905990
254997434
339451725
196577455
109796979
116751210
112007537
116737984
116751637
110032073
121044325
116582250
109026420
107129462
115685399
115623959
115647426
123613708
131574872
145150961
108283594
108243488
108485408
223558114
219785105
227957895
303730384
280863213
158177078
158185184
188781839
170257702
179097370
169238824
118549608
122774029
123876108
123959735
101473150
130552579
115748972
122022671
109468447
121517071
105619492
117277716
115389292
177553693
177255027
181795181
167184426
165915520
131123033
127745543
129520474
139740408
142470218
143821895
143836829
143714376
151443006
184897896
189823330
164284803
159088863
114798359
124467041
125991945
146230853
-----------CASO 10-----------
207454454
119446034
116362518
122733069
123061176
115882092
118382782
130672473
135385427
181490541
175479669
172715299
213827993
120938938
121168485
127859036
117159531
117292650
129930927
138525690
168554878
151917032
174943776
127135410
113388655
138781262
141447072
141601526
138247076
114876867
125296053
115300546
113147162
160176008
193883485
196512602
127687090
123330829
129498287
175631989
191425462
191778742
147081625
136451239
134849534
142739017
148698689
119684113
174290977
235337085
253718289
253792102
194658311
117393343
125960372
124168801
113348975
182925419
196314629
191887968
181966273
111891483
112162416
112331377
188091919
156485347
110487325
116465344
103230588
126170719
139689208
125154826
140597153
224263393
147721624
147812504
149075863
175005643
166387414
167634985
174058017
105529892
281225027
205252431
253213969
227014109
397814957
515541953
515500993
110273992
167133653
174328523
131880364
163550084
131915352
132137644
137592571
103129468
110007326
113584494
120420112
119697766
116935103
114027801
186550375
173576738
121425338
110407965
143656350
143827443
138035450
136307879
112481136
114204013
169997863
297421272
257974710
260729266
153902736
170580688
127991729
175809482
194159965
101105791
289499363
289501923
289309496
289620963
282761452
139596194
153227323
148981143
144030963
152832231
152282685
153095484
132292524
118969448
107856502
105068239
106270584
106945143
132619777
135084201
175706655
113810201
100326698
141274699
136856572
142094325
126573065
122132323
128007089
100665898
180783129
208145227
180976408
180622276
105957837
106448077
116244758
109451380
102195069
140909047
101163391
134811134
169726076
170642981
171856420
211553436
214436846
211675463
223468940
228418694
114601667
121663417
116939370
152133779
147750211
121810617
105608398
108685087
115127319
115708012
116624064
115809131
112994415
116619371
114323907
126664798
183865365
175493749
158271371
113680494
115878252
159186569
161392860
156798946
197934254
203628966
