-----------CASO 1-----------
63386372
56052408
54638864
58710965
51283134
55437582
50657642
50559935
57942113
65475757
136874491
144906908
56205154
65468930
53743718
57242807
48470125
55593315
58222005
56355341
57449313
105574265
52370280
55153423
48479511
56831501
54640143
68477779
56854967
50917481
48051138
60130057
54617957
54560357
54727610
55864675
50898282
54904250
60514482
48439404
48438551
54840677
129063088
50127296
57734753
58078646
56432994
50041110
48226925
48366445
74430198
52581906
52375400
50632042
54844943
52607932
50248469
55021156
51914173
62196400
54166971
50962709
48866924
75245557
71731535
373480055
50477588
80662510
57001741
48648897
56818701
53595238
60752563
66001408
50237375
51816040
56351928
52651453
48828524
46909380
65568343
56095502
49998016
53685264
51266495
73366519
58233525
49976256
51522068
59888137
96256730
48653165
48153965
54920036
50661482
49162177
77110941
49855082
50986174
58942644
49668203
55870648
70489510
49429697
52364307
51058282
48297752
58106379
52694546
55949155
54959717
54412303
48569965
48979138
50601749
59929950
60611335
63976451
69567057
51228948
48689858
47888579
47269486
50439616
54736570
50843241
100519124
52858386
51085588
51483668
50592362
56528568
51493907
60045150
51513534
66710102
51381694
49578176
53399825
54280890
56667661
50847508
51886014
50156309
52125800
55330489
56296888
50347455
60204723
48805911
57152780
47096687
51904361
50055190
52883986
49044417
52482920
49366977
48908737
51632574
51055722
49612736
50746815
52690705
49806443
48049431
101864829
50273642
46561220
55646649
52683880
50439188
46629060
49742016
56621154
54322277
129484634
52724412
50553109
51525054
51802387
58794165
54813370
50012096
105272185
48983404
78342726
50354282
56881421
58798005
52002494
88668473
54268517
55732409
51908201
66160982
61119921
73006840
54421690
52240573
-----------CASO 2-----------
93526920
54376037
53693798
64234585
50143083
59567710
54830863
52678759
51322814
52219239
54444730
54586384
50702869
60733789
54252304
54349584
52326333
48105752
51398334
52621159
53228732
56289208
114266734
302772946
51801534
57712993
57424140
115369666
63801945
51417108
53130598
54576570
57140834
55623182
55594169
49163884
50598762
46553967
58951178
46839407
54032998
50453269
56339555
52566973
52764519
53566652
55431609
49792789
57834592
64097624
66102102
55682915
51481534
71307429
55598862
53444625
64404824
50370922
49974123
57542326
50588521
56754274
54151611
61770161
49208684
55306596
106470690
55500729
48518765
51700841
52400146
53555985
51860414
53211665
49426710
71672228
54164410
54185317
52670653
77845233
51981160
52245266
57394273
114900760
49983936
54223291
46983193
47850605
57844832
122997603
49849536
47106500
59212724
54339344
49922923
83873173
49294017
59036511
50906388
506383565
50849642
49063617
49515883
61207389
486910523
55563876
50479296
54276197
130615726
53353318
53793638
50196843
52882279
53544465
56290914
51424361
50499349
61379335
52828519
52843025
76877982
65797035
62362374
70127697
49034178
64363864
52082707
54542010
56496994
70075217
54032571
60226483
50319722
51703827
48810604
57295714
48750017
58498058
50724628
55096677
52961212
49258603
59919283
52288787
49893483
57218913
63703812
50122602
60241843
53757798
49650284
55685049
51842493
63246426
59820723
59495178
54749797
55000249
54280463
53869584
49807296
48627137
52694120
55726009
51095401
50283456
50709695
83698239
73893879
53574332
52831933
105897251
94953692
51013481
55756728
54393104
54675984
49661803
146440773
50883348
53571771
55958542
51051028
50964415
50726335
47999939
56931340
52845586
57509900
53894758
60598109
82890561
90618764
57211233
55302756
52470119
55784035
57006433
60044723
49976257
-----------CASO 3-----------
79874884
86955409
57804299
65464663
62067973
63682478
50900842
64219651
51010068
53607611
68577192
56040461
57949365
63280986
52346813
61010696
49082390
119700327
52468413
58131552
57978805
52595986
51715347
49822230
56118115
60771762
55054436
57216780
99488299
126166879
67937620
68001193
54431504
50598762
51043348
50897428
128770395
57675873
61806001
57260300
56147555
52494013
102957095
136809212
55454223
133910869
53098172
53646865
63815598
48197059
50862442
70595750
46778820
52419346
70755323
49538924
55885582
50937961
52655292
51445694
57321740
52038760
49742870
89146766
53459131
50367936
56748301
64306264
49123350
51081321
55251556
57872566
48898071
55029689
50588948
64619011
56377528
63711065
54666170
60464136
53049532
47947885
54533477
53024785
49499244
50625641
63587758
61575175
49717696
52591720
50513429
56774754
145683014
55159396
52228200
61035868
50248043
47646659
50729748
53669905
54991716
54210064
60885255
55473849
53515452
50726335
50577855
49296577
52279400
58691338
58834272
49713003
57836300
51544681
62986586
99344086
50926015
49644310
56823821
54501477
50145216
52136894
51926547
47114179
47556206
51103081
55830115
55894115
69902417
49981376
53379772
54927290
49073004
63685465
49843136
49368683
52503400
52729960
184310804
57550433
142804724
77602887
79120966
135873106
123900428
89509005
85861011
53540198
53955344
65895169
66289409
88289167
110809032
78400327
72932600
49126763
57875553
53611025
50887615
48834071
54835983
49504363
102928935
59428617
61814961
52381800
53357585
48741484
66930687
47201646
50637162
57782966
53471505
69842258
50597055
67239594
49731349
50975509
54798437
48319938
51006228
133384363
241578784
80237124
50382442
51243028
55802809
48448791
72502094
54605157
53215932
51345428
50233963
48157805
53465105
47468312
54349584
137805904
52011027
50351722
-----------CASO 4-----------
108228128
129146715
104554959
53571772
49644309
95819824
52860092
56755554
60580189
55627023
48065645
96493530
53038439
50888042
57535073
97871661
100133845
58379019
58618805
61504775
64176558
68665939
89019620
52108307
65922902
95652144
58384139
56726967
48871618
50600042
66115329
56699660
122475790
115466093
46799301
65659649
56173154
51490921
61072135
55689742
83742186
53476198
49874283
60888242
67352660
51635987
52403133
56672354
50495082
60653149
49474496
64159917
55192676
65097303
53949371
52127507
48254232
47486232
48479084
53536785
47509699
47815192
52917266
50956308
65275223
53880251
48891671
50438335
52616466
48537538
98282114
69786364
72794787
76691528
50961854
53776145
54341904
52837906
49980523
53497105
56164621
56878860
49159190
49443350
51769534
51259668
49482603
56080568
69247911
56886967
53628945
56812300
53664784
52580199
49441643
55858702
54366224
68530259
51391934
60174430
63412826
58984885
48315671
50569749
51243881
50512575
55400463
47935938
53052518
57579020
49210390
50004843
47419246
47681219
47292526
50933268
53666918
71019429
55351396
50936255
50857321
88820793
50486122
56882274
57518433
62433627
58937524
49064471
52275133
48364738
50549695
51655188
52205160
55060837
47926978
47233219
52440253
94181853
63617199
100611284
249056108
57661366
50972521
49850389
46283461
55998222
61796188
62524507
61151495
69321298
66381142
48663831
51112041
54710543
50729748
48380525
50567615
53186065
77412594
57516726
50608148
87977701
83437546
52178280
57364406
77903260
67353088
51705108
53140412
53257745
140774219
51272895
50427242
54841103
56368141
53359718
49486870
49384896
53174972
114588014
51332627
53875558
48321218
54624784
47813486
53436519
52677053
52211560
51644094
48957804
52105320
82465175
55577955
56853260
63467439
60926642
54256997
50428522
50799721
50127296
-----------CASO 5-----------
65142530
70639270
49928470
49100310
67487061
66830421
55204623
84967144
81357976
48788418
51818601
55283555
75462303
54629903
51848467
50823614
60870322
60380936
51501588
65836289
50065003
54751503
54530063
56270435
62632026
63539119
51923134
76651849
118584168
101589630
50098283
52212840
231911810
232008663
132542551
123649548
50117909
49131884
51388948
56889100
56729954
55733688
48315245
51409001
52843025
66504448
53826918
56380514
98268034
88368954
53995451
60207283
50949908
58441312
68741032
54300517
76560115
64961197
52576786
54813370
52907452
55590329
53166439
53880251
63150000
59353951
52365586
53544038
49195030
68510633
54995129
54272357
56758114
52150546
53378918
59571123
48463298
54980622
46219034
55737529
49524843
53355878
48735511
61043975
51984573
59269897
48438125
52816999
58700298
59676084
48317805
60558856
54304357
153759803
47723033
52162493
56427021
53830758
49543617
51036948
70696443
54065851
55399610
60761949
49718549
50214762
59086858
66957568
61442482
55618916
50699028
54740410
54152891
59747764
113292655
117682623
47357380
50934121
57920779
61868294
52539239
53553851
51279295
57693367
48927938
57509473
52304573
54430223
142283764
128712369
56155235
56302008
57860193
54407183
50536896
52889533
51092841
58889738
49228737
53200146
60921096
63656878
50686655
52814865
52413799
51282281
53930171
56760247
50497642
66516822
53538492
55395342
54288144
50985748
52216679
61968560
120675259
48770071
51798121
55170490
52086120
47979459
73681399
54651663
55595875
50343189
109058847
56043448
54218171
54275344
53270546
53801744
56006328
53427559
101823017
52555880
55413689
52986386
53736465
55467449
50615402
54689210
60250803
48951831
48307565
55135929
49003030
54105104
51561320
54010384
50220735
120580965
48547778
52063507
56437687
56175715
51102655
50116202
52907025
49905003
-----------CASO 6-----------
62723333
52786279
60903602
49516310
63746905
50127723
53665638
48170179
64643757
59496031
50189162
56426168
50499775
81416429
52828946
61520561
61982214
53913531
54637583
55173049
51789587
51405588
47167086
52406973
48435138
53339665
49167297
49875990
49071724
56404408
49338817
52799079
51569001
52320360
47048047
51364201
50316735
49448470
53744572
58069259
55039502
50671721
56510648
65644716
53641318
59144031
49396844
53272678
51605694
58910645
50600468
75954250
54858170
77313608
50493375
57609312
49119511
51059988
59016884
46539033
110317085
57026060
47905219
58162699
55279715
51753321
65325143
53362278
99307393
54680250
56957793
60281523
48504684
59317258
48383511
59986697
51923133
47932098
47500313
55281423
96013957
48229059
51771667
51681213
53122492
48936471
52353639
53541052
53004732
58535605
55594595
52652306
87205008
50206656
51870654
70772816
52361747
49319617
52213266
50219030
50111935
51761854
51686333
48047298
137813584
57547447
48246979
49183937
125517493
53533372
55847181
48342978
48314819
50053056
60918108
56143715
53765051
53142118
48994070
47438019
46216901
51465748
49084951
48415085
48302871
52561852
49220203
47699566
46315034
47134660
48275992
46008688
55517369
102736082
52121106
64670637
50006976
48573804
48604098
51807507
52732093
46368367
47948738
48050712
46236954
48490178
46169114
67889833
46319301
49229163
51042495
50224149
50293269
51692307
48379671
46570181
53409638
50437909
110282952
56255075
48251672
49873430
51465747
53980091
48908738
56960354
49974977
50182762
50776255
52004200
85980477
55693155
51844627
47781912
55790435
56491874
50168256
53529958
50895295
52539666
57347767
56092515
51087721
55130383
48967618
47115886
47916312
48378391
49756950
50057749
52635239
129389488
124354400
49855509
54912783
54623503
54894436
47918446
46680687
49997590
-----------CASO 7-----------
63864665
111370524
46981486
54344890
55797262
65306370
55230650
55590755
49688256
56133474
140523767
64453464
77724487
58294538
57733046
57612300
49992469
59159391
68297726
55432889
59069791
72676600
52911293
62819759
57934859
72750414
52688572
49326444
60827655
54617104
60288350
48709485
51292948
99849259
59761416
50758762
52759826
80674030
53159186
52484626
54447717
58715232
50663615
53808997
62939226
60192350
63295065
99100033
65971542
55973049
68605352
51608254
68252499
115158040
61313201
61735601
63129093
61235548
57826913
56156088
49544470
48089965
49538070
52051133
52360893
58646538
52725266
74444278
82149441
52540093
54254437
53975824
53990331
47346713
52046440
46333380
49210391
49963030
48337432
50190442
54177211
50549269
46091034
52357906
52429160
54384571
54221584
49987350
57836299
49145538
53026919
53681425
52566546
51659881
57187340
59390217
58300512
55500303
50682388
51714920
55957688
124033548
66765994
54281317
57820939
126762078
132094125
48749591
51991827
51870654
54011665
84424852
51154708
50291989
58212192
53468945
140186701
53619131
56630967
55755448
56730381
53137852
50892735
55581795
50934548
103713147
105315705
61499228
61172402
47456366
56429155
58906378
52654866
103923494
105754318
51113747
48188951
57847819
50957588
122631096
54847504
50492949
56182542
48992364
56267875
55166649
121946724
48254232
47077060
55866808
56552888
73175373
67180287
54158011
51517374
104848506
48433432
108050209
62466054
67826260
54021478
51985853
56110008
50318442
52071613
56704780
48920257
62995120
50556948
116751210
109815753
65669889
50088469
57299980
55948302
51741374
51845907
136301905
52669372
52197907
50647402
53037586
50525802
48552898
119432807
51701267
49946389
51155135
75132064
48941590
51309588
58589792
68653993
49912256
54077797
54714810
50809962
57260727
49668630
53948517
-----------CASO 8-----------
69005138
125015306
124973067
75326197
61760774
52926652
54981477
52072040
57031180
48054551
54667450
55271183
49775723
89756471
52812732
49989056
49588416
80680857
49254764
53895184
69761617
57529526
48444524
49547030
73110946
61219335
125552479
55766115
49396417
56781581
50143083
50495508
50681535
228218588
54559930
52394173
49097751
47371460
54922169
48640791
61333682
48769644
51790013
47595033
49178390
51283988
49038870
47304046
58863711
49924203
50629482
51036095
125117707
49759936
48086125
49679297
123652961
76403955
47717485
47594606
48382658
96204250
48078445
51374441
54589370
47285699
53297425
46680260
52487186
78030406
48927084
80876697
71205029
51104788
66408022
123012536
93791026
59812190
114192921
52218813
54365370
56319501
54519824
52357053
52598546
48598551
53075985
46878233
49460844
53232572
50897002
51407721
46836847
53381905
53015825
127736583
99408086
56588728
54219877
59173470
65168556
52971026
51676521
59889417
50510016
62403760
51513961
630342873
63718319
118393875
54304784
61971121
46251887
62687066
56792674
55565156
53075985
48828524
51130815
55455502
48159939
57684406
112765295
58913631
50673855
77883634
83147840
126290185
58853898
58832565
50159723
101735124
205071097
46839833
121069498
55399609
70603430
100243499
164615042
54578277
156529293
108031862
49202283
50750228
73413453
53414332
57321740
50738282
57990752
48669804
81025177
57024353
76062196
65331116
55589902
146711705
176295881
80003738
54364091
56993633
61519708
107003170
111694790
49086657
54489103
49397697
50329536
49561110
57753526
54405477
113846467
47598020
59833524
50488682
53672891
127714396
53291025
100783657
155853881
67725993
54271930
54084197
52607932
49778283
74644384
49183510
60334002
53174972
50519402
49089217
54428943
71114575
58126859
56319501
212513861
53817531
152330472
52883559
65032450
186037522
-----------CASO 9-----------
64169731
53405799
50883775
48668951
50063723
50045376
52447933
107562528
49990763
50218176
50757055
50075669
57383606
50783508
50797161
51906921
56546487
48753858
52310973
65645996
49391297
59525897
52130493
53771878
51006228
62579547
55723448
59368457
57337100
73245773
49725803
56933047
77956594
174415990
54198117
57572619
56272142
49799616
87256635
62465200
54129850
61690801
56078009
56011875
115365825
48732097
51046334
55659448
52596412
73890892
78042780
73072120
51407721
53189052
110533831
59765257
92286176
63878318
48248258
57968992
47379566
92149215
110731805
59066378
54585103
51808361
54060304
53477478
53744571
67821994
51727721
106225784
49908416
47810072
66707541
49784683
49937856
52459879
52313959
49561110
48915137
47212313
65256450
56548620
48115138
47568579
188247226
67087701
49691243
49476203
53084946
58468618
60993202
57207393
50917909
56095502
48262338
54377317
100810965
60733789
51246014
57449313
47677806
47241326
54361104
49513324
59115017
104824613
45634075
49930602
53251772
55447396
49856363
47905218
55708516
96321584
50356843
65529089
114687000
72790094
69896017
48990231
55780622
55849742
66987008
51217428
56170169
101348564
52945426
50594069
101556777
122737336
60295177
50360255
49832470
70266363
59748616
54222437
47665432
59735390
71260922
48017859
47188846
46517700
52459879
54561210
49119937
97829848
55891128
54887183
51606121
76808862
52258493
52255933
55707235
53731345
56080568
51332201
54905103
116945343
50937108
58556939
54280037
67657726
52294333
64959490
48850711
52893372
48455192
56053689
49408364
156852279
130466820
52697532
51255828
47042500
48733804
46399087
54807396
53702331
62738266
60240563
54973796
71329189
50375189
49475350
57521419
52620306
465360471
121096805
158997557
71280123
136598011
57896033
55400036
53191612
57198007
54718223
74246305
51968786
-----------CASO 10-----------
49935296
150151914
50579135
65571330
86563303
118470248
60614322
60934322
64794797
58825311
76854088
78536433
53777852
57195020
53624251
50765162
51942760
59751177
50791615
52988519
51685907
49450603
52705639
53818811
57467233
64110851
55226810
52552466
51644093
65810689
54290277
97849901
52988946
66314582
56863073
62609413
48750444
55507128
50827028
52546066
52360893
60703496
562040881
582305389
50757908
54417424
54073958
57354593
115991318
113535428
195025670
185476456
51993960
46404207
49727510
53082385
55619769
59388937
74686624
129755994
53152359
55688036
48858817
90105058
74702838
61746268
54703717
54984036
69120765
54167824
109832393
54753210
55395769
48938604
106443384
125996639
50963989
48980844
57763766
48980844
51757588
56026808
49552576
56294328
52459452
55289103
56343821
56519608
61507761
63809625
54846650
55426489
58780511
54670010
54288997
72176121
101301204
84103146
91282230
93836254
52258920
56078862
51882600
57189474
119004861
115886785
49288470
54347877
49275671
55590756
45998448
48426178
137442810
55211876
47327513
52107880
50344042
55883449
60055390
55058703
54271504
102363602
47200793
52444946
54721210
118775314
128871088
87742608
48459031
61924614
103131174
47353112
53143399
115552705
62121307
126072159
101988563
46286021
51601427
110925085
52088253
57138700
52752146
58228832
59809203
56671074
47725593
51153001
56002489
53058492
52604519
56113848
54884623
51563027
52062653
50915775
54891449
58895285
110235165
56155661
52330173
99353047
204600058
53135718
52749586
47950872
56637794
56290488
51678227
51308308
155598308
52185533
53214225
50208789
72241401
53619558
60612189
91916256
118990781
49406657
52016573
49995883
51389800
121417658
53100305
126596531
55666275
52885692
52694546
47301487
88988046
53976250
99429420
55176462
50774549
54161851
61380188
55883449
71422629
59534857
