-----------CASO 1-----------
120311740
118168169
112683376
126510772
142099872
140027554
127918343
134244521
105357945
110858525
278473456
264471128
215986923
211145116
128420956
129421061
116091585
106878156
139567181
145484614
120249019
112642843
110898205
110620445
103988347
118594835
132638977
129358341
103094482
131300099
133735936
124908640
114913986
112869402
135708413
109443700
122021817
124218294
131865431
120542566
104738853
116056172
106150691
109800820
108310048
131620524
140213154
109004661
111940977
120015633
108636021
184808297
175524469
105080612
110251379
106572237
110393459
116764864
116534464
113591748
126949384
112877082
100586111
273905142
249589014
331328429
420945807
111702470
157010999
189698317
147161412
114072174
108071542
104692346
192187060
107787382
115866732
102766376
149275543
104508880
110893511
152162791
122950243
108074528
113542254
104970959
114064494
110236873
133037056
103117094
108885621
137674917
117251690
96723503
117562730
109169781
122923362
109390793
113138202
118445502
109464180
174998816
100623658
116704277
107709729
107523702
113552921
221993530
218823827
121409124
117594303
111965723
110096926
113295215
108782794
170966821
177832733
102881574
107478049
111728497
111246791
144937201
125338720
121181285
103084241
102575655
98810326
139264675
138441210
109018314
109714206
120143206
123839415
104340347
115209240
138908409
118750568
103778853
102442535
118299582
106586743
108050208
113885294
159529183
171172474
123836428
126119519
104907386
102113576
109705247
107723382
103815121
102579923
135877373
113794841
113508974
110434418
158858463
171594447
121009765
110320499
111623538
124070241
104010107
111389724
108435488
124640267
99103873
104617253
115840705
102829095
112283163
124512268
105651918
103908987
108147061
107489996
113628441
111947376
109570847
108945354
111452871
120321553
129186821
117570409
122824376
116431638
117945022
117069504
110017566
122980109
118495848
190583650
108609568
102021842
101038804
136459772
104627493
110018419
107268983
-----------CASO 2-----------
119763473
160708914
159652916
124087734
110985244
121412965
129367301
117479956
107901302
108211061
218514067
115423426
106760397
121278139
149882688
112682096
114844013
111801031
106382370
104816932
115138840
127443464
114152387
117434730
102950268
128568156
103974267
102321362
139795448
124167521
114500547
107850956
105901518
148731969
123208376
110445085
101167658
126905864
105043492
111165724
107458849
116521664
127457117
110120819
112757615
125355359
116317291
107293303
110581192
145780720
144318108
103676027
107411063
133486336
370705019
109252980
105220559
105244452
105528185
111823217
120216166
109635273
131602605
107186636
108710261
110520179
101444990
140471713
108767860
104849359
105431332
116487531
100003285
104032294
105251278
116598037
110013726
107633356
104812665
112934255
113968495
105680931
110408392
105317412
99537366
106135331
99259179
112267376
218777320
169702183
104667173
109192821
106693410
109530313
105944611
182446273
109369886
121874618
109123701
576130249
571989028
110050419
102218535
108747381
102603389
564534744
128067676
112715802
100111231
155252708
114803906
103719548
123393548
102236456
106105891
119455847
108084342
111936710
142984777
133548203
105179599
129724420
220030438
212432368
119533500
114901186
147661891
152772071
106425037
129926660
101691177
111398257
181626647
151824872
107000610
104785359
108210208
124502027
133193643
115969985
116442304
126381492
117352383
110416072
107175116
109021727
128992262
101247444
101501737
139395662
121815311
103076135
109321247
110343965
127469916
143218164
106815863
103877413
121091258
113599428
106265891
99818539
111446471
123624802
113114735
115559106
103053522
134244948
100985897
117088703
115687105
110366152
117989823
109012767
113861828
135751080
135483987
104545999
112904816
112156870
106623011
106890957
108872821
210322505
202279421
120874938
116605718
125598132
109954846
105739385
107149516
124052747
122249230
110948552
121355791
109370313
137259345
204766885
169464103
136161105
-----------CASO 3-----------
113324655
109453514
142258591
130369540
147518104
147261251
106790263
118714301
109420660
114523160
137899343
152961938
116864277
119979367
125949706
128529755
155303481
168923944
113708227
117141183
146124186
144800241
107642742
107731062
163275311
117141610
116099691
115927318
129647621
139273635
119215634
118694675
106844876
98633687
113525188
114622147
121357924
192414900
125860106
116169665
110514205
103885094
116006678
174534177
107705889
109634846
110799218
114986946
118698088
116544278
112647109
103945254
111448177
110884978
151746366
173117645
107595382
127042397
131147779
114738199
115316759
111127324
112801563
119379901
186143762
107420023
128488369
104889893
133528149
110185672
110535965
140358220
177215347
107529249
126633224
114420333
162457391
106952396
111430684
121732538
119656380
112756335
113812335
101719336
137543504
102505255
365986091
129580634
134486015
113120708
110070045
153919376
141345100
107408929
104007547
133518762
104077093
109784606
118540222
114128494
138855929
104693626
104533200
120965819
115217773
102905895
116075371
101744083
169977383
113543535
115777985
102381096
103434961
116588651
110807325
119848380
170387409
104267814
116601451
150382741
119431527
108460661
108872821
113703535
109352820
170057595
110624285
103300135
127796743
135898280
141444085
104815652
117022570
190451810
116218305
104349307
171862820
110811591
159643955
229403013
128377862
283277717
149967594
718050494
233564714
376742344
389136142
111174258
105238905
126520158
130020527
114695533
115369239
102157096
103024935
102426323
101962963
106218104
106732663
102761255
108253728
105213732
105035386
109255540
129621594
108302795
105136505
123594935
127046664
101540990
98805634
105319118
101925417
106678903
134466388
128827568
129359621
156112867
99971712
103828347
99344513
287223952
318779752
175377696
179837210
121239312
101359657
108985887
114495001
142518857
114639213
101187711
101148884
126029065
113102362
98204888
95037319
112132124
220049639
103126481
-----------CASO 4-----------
112546416
189784930
221461476
199497558
118964754
106688290
225297632
385745853
129191088
105772665
116348865
291366880
625945652
113512814
115990892
109701832
109550367
143388403
125832799
138027770
128193969
117626729
104919759
123675148
115860759
123682402
130561539
139155449
120571153
99716566
141838325
110160072
172847565
352110910
102173309
112263963
166932693
131488258
122396857
119422994
130341806
141131766
156382946
116710678
120997819
124361227
119335100
108959007
110372552
131618818
115190465
114791533
123513868
107197302
131790765
126422879
113759854
138093903
105371599
114512066
120208912
110637085
112336069
115799318
143784350
103566374
113002949
104093733
111292871
111018951
109092981
164328749
117942036
121311844
105812772
104644986
109339167
123274082
113188975
429287984
116798571
135161001
114064067
131939671
100486272
173926178
106244130
108161994
103763067
106841890
109442847
112292549
111871430
115327852
197078361
127102558
101347284
112839962
127956743
108138102
111405937
119535634
186327654
132619777
187550907
120702992
116696171
108313461
109907913
138600782
111286897
420660795
111478897
108657781
110666099
122172857
112494789
112430790
116346304
163696004
114432280
108172662
169522129
152739218
121848164
158234251
112725189
102256936
104328826
120175207
133374122
168463145
113878041
108794314
104798159
108483701
108163702
121163791
167646506
178598171
244176327
117941609
104329679
122794510
114168174
108275915
111575751
130770606
117840916
108438902
114985666
106373410
114899480
108324982
113671961
114035054
123333389
205033977
205259684
114709187
108600608
113840494
151382846
121404858
125168906
104470907
128992261
111654683
105946744
114735213
115806145
114769347
116951744
103993894
109040928
118094355
104408187
104493946
133090390
114203588
114117827
120484966
113704815
119117927
110394312
160263048
122408377
131150765
113549935
119996433
119139261
110421192
140466593
153816976
119156754
102567122
113428761
126019252
109814472
104946639
-----------CASO 5-----------
197140655
195664389
108975647
109099380
105875491
107461836
102666962
108560928
173102285
155138788
103009575
107940129
109348553
157264439
96447023
120715792
141303712
107478476
111172125
114740333
101724030
100287872
112716655
124156428
107374369
103859920
112170524
113003802
123627789
128096263
104954746
116531051
159324810
159599583
102999762
117894676
167843199
169796050
151055166
150739007
116946197
106133197
130643459
114837613
112743963
113460335
142068298
130929325
105890851
124324107
136836945
133961215
112688923
110590152
116336065
116484118
173624951
186066536
135834280
138212943
106960077
113983854
162822191
158682677
115486999
106545357
105300345
108241782
109256820
120057446
130390446
110178846
110675059
119388007
104599760
106220237
108076235
108097995
119083794
117096810
115461825
112526363
113722735
124007948
156070200
157137292
115415746
124554934
111778844
122998883
126307678
118759954
120962832
125318667
146919492
111857350
109570846
107243383
106717303
105223972
118708754
106227491
154495375
150156181
121261498
124021601
106986103
111389297
162798299
161279367
108370635
113892121
106023545
111971270
124257547
116553238
117431743
121541391
131558658
125344693
163643097
159101663
110522312
115348759
107110263
107852236
114496280
120509286
107197729
111964017
110291485
116563050
159749343
175456202
119293714
115006573
188068026
180384622
112470896
115983638
121333605
116349291
111552284
114482627
115988758
117276010
120193979
140247714
184525417
185196563
112522522
110126366
119804860
105566158
121763257
120489660
115085933
181746967
114561134
112964548
117345983
115863745
164462723
193659485
105436025
116478997
128586929
181066861
117945876
110126366
230198745
128741808
115732332
112250736
112857029
201555368
136615932
136697425
104808826
111353457
102428882
112387270
103409361
183396885
108342048
102900775
101960830
122158350
107315489
118342249
119327848
115633345
114941293
108743541
108016075
113346842
121813604
104871972
110464285
110268446
-----------CASO 6-----------
103210535
126636638
168255357
175980575
112758042
111231005
116238785
119441340
195570949
194337885
104103546
104178640
114817986
106864503
101290110
106106744
110020553
124119308
110598685
113816175
199271852
199627692
101145897
104325840
105353678
116484545
103908560
102404562
110407112
96755503
114532120
108725194
98135768
100973524
107540769
131201965
103011282
95559984
153152230
112837402
118901608
112160709
112335643
106397730
126604638
103156348
106730104
102384082
105847757
109145461
153385191
102479229
112175643
100298111
108868127
110351645
103792507
110625565
109793139
115398252
126333278
176103882
119594514
106628984
135500627
112115056
109005087
121298618
134281641
190555489
114494147
125291786
141903178
114164761
121958671
113316121
195991642
110858098
112392389
113975321
142795337
153921083
116110785
102296616
111804444
114731373
101150163
106285944
106272718
131963137
149416342
110679325
126677171
143290697
102661842
102229629
104944506
138664782
104931279
103998161
109552927
109786739
109984712
103911974
124429067
117444117
119452860
116854891
106669944
122328590
111702471
102642642
214526019
102851281
110469832
120715792
111570204
123548429
169617276
102202323
105351118
114399854
103882107
105689465
109094687
101665576
159561610
101385257
101054164
108708981
106976717
122136164
107587276
113076762
177289160
119219048
114333294
100365525
104901413
108958580
182192834
102620029
108064288
105017039
115704598
105376292
100857471
102811175
107632503
101909629
101958696
104746106
96273370
111067165
195993775
105232505
102284243
110991645
100629631
149659968
105633572
103141415
112365083
105654478
101986003
106626423
110111859
125076746
105654478
107062477
110069193
140632993
107928182
111164018
139601741
102699815
106301304
100482005
108257142
106783010
175333749
143021470
111365831
109227807
106424611
104796025
102705362
104880506
124478561
109246580
115304385
124350560
139955448
112250310
121772644
116426518
106684877
127898717
106693837
114759533
-----------CASO 7-----------
104132134
142403231
108530634
110086686
109707806
114353774
108588661
112568603
110529992
114649026
102264615
176189641
146236399
150788500
100181205
115508759
106483064
125534132
125279840
121034511
125551626
120414139
110070472
101647230
119288594
120446566
104854053
106732663
123664482
125442826
174210337
169265276
110738632
110500552
113399748
118291476
108277621
104462373
104656507
108800714
238802894
239138254
104092880
106503970
99312940
100014378
178650225
177451293
102661842
117697556
114045294
102945149
103423014
106021411
103263014
117460757
158350304
174884470
106266744
105803385
146884079
363133402
113063109
110192072
105899385
105677518
112531483
114937452
108115914
190082317
192905993
105698425
111180231
119819366
122474083
105624611
115318892
107437943
106282530
147946904
144930375
107306956
110175859
104118480
97913474
127235677
134489854
176828787
184510057
133060523
152086419
162070833
167801812
101347711
106385357
120068966
115908971
126665225
116445718
113555481
110688285
141369845
214315246
163669551
159600009
106513357
112070684
113103642
110161779
105504718
102491176
119806567
198782039
104683386
102777042
110147699
116989290
112054896
114209987
117210730
120327953
113263216
117618196
111681563
183669525
157228172
134295295
102186962
133342123
217721748
189979064
183980564
215507778
158776543
161746993
120746085
128412848
128199090
124010934
166704426
261810865
177127453
135341053
114860227
109700979
124248161
127876956
259593481
228032561
105970211
107748983
111306097
107813408
106622156
119651261
153224338
149947115
103586427
157482892
143943923
106729676
109806793
104669733
119909820
105040932
118128916
111211805
110078579
112045510
112350577
191308555
117886569
112581403
109586206
118697662
107009996
113494468
189684664
217816468
102582909
121117712
169273383
104273786
213075354
115980225
178310172
125288373
119005288
105538852
140898380
145680880
104273360
121491898
108325835
120378299
120286566
140999499
143950322
132353110
136225106
-----------CASO 8-----------
99530540
224982752
524105142
118929341
147659331
119869714
122260323
147096558
108596768
106464717
117762409
169024210
108305355
111132017
225596298
180950808
106103331
108351008
133273430
105514958
193708125
170463355
110035913
131312472
204670885
139037262
177558386
189231118
112663749
100221738
236243751
104144933
127693063
112586096
458369973
100842537
117252117
95434118
150464234
118209982
178183452
126704477
126318772
104465360
101997950
99011713
110367005
105466318
107847542
119597501
159338036
168103465
118728382
197771693
214388205
221120144
107474636
183616192
99240833
100511872
171173328
116207211
106201890
112460229
106229624
106064931
102723709
196433242
106396877
190613516
202921554
113212015
102935335
100323712
107411062
116675691
110506525
172221646
143559069
423907724
118789822
111829617
118658835
113948441
123395682
179464304
185658642
103616720
115553132
110911858
114687853
107644022
110770205
214621165
131306925
116182038
170738128
113434309
123893174
116790037
111092764
178454385
145077148
104546853
128888582
147513411
116787050
163050458
181701741
182340033
173077111
105467598
129346394
121804218
121634831
104826746
115956331
109405726
108608288
103829627
101082750
107039863
108049355
164207149
116041665
100247338
105484665
225748191
175207882
109051167
119849233
120251579
277757085
126516745
100795177
108049355
103484028
246508484
104638160
115321026
112144496
204447739
106786850
107969568
103832614
105278585
225213578
121462885
125395466
115733612
117158250
109468020
153197457
107113250
200100011
103440081
288630244
169828902
103402107
614266947
103891920
216114924
219179239
122794509
145200454
109476980
105382265
119812114
122801763
113501722
153806737
144776774
146259439
111522844
118794514
108340341
192967433
140406860
173009272
414219417
190746636
112692335
105759864
108603167
103194321
101084884
103795067
100350165
179189531
101592617
104763600
106576077
124976054
122204430
101318270
366632064
106948556
184948243
184243391
220049638
-----------CASO 9-----------
112163270
132339884
121472698
109517513
119972113
357399863
174429644
124816907
163492911
103036028
104874532
101120724
122710457
104685946
106701090
99533526
101384830
105639118
168655998
249256214
101513257
200201983
103651281
111979804
126163039
266487553
266903125
156021134
115629506
110258205
132138071
115004866
108833140
370996432
274991862
116862571
118329022
151780499
114808173
121257658
128244316
287971045
315955222
122859362
111832603
104534479
117409556
139955021
145789253
109825140
107508343
110934045
175409696
123904268
106374691
118905021
117381396
110929351
142378484
127765170
102537255
125061813
171013328
106040611
116741398
149298583
186543548
104764026
193745672
122309817
132959403
104650959
104547706
104633893
109467167
106740770
114839747
116300224
112160283
104665039
183846591
109469727
122828216
111634204
118983528
111347911
121940751
242367690
286844219
243918621
122315790
116577131
118427582
103423014
124151734
111758363
287028113
191837195
105124559
139456675
99306966
106704077
106256077
157010145
102366162
108796447
115887638
111606898
102072190
109503433
113253402
114778733
180338542
100879231
110727539
117620756
159541556
101581950
134350761
496177712
177060893
194543111
107478475
114390040
103359441
118828221
125697546
103207122
272936610
132917163
107230583
139655928
205096697
188344079
110783005
97632729
134310655
163966083
103504507
103563387
110263326
158399371
104730746
113065241
189579704
102556029
107484022
113111322
154890042
105583225
255884472
171258661
113239748
111055644
210945863
206307149
109522633
105727012
115551425
133008470
109181727
107820662
132871510
115040280
257740897
170773542
127386290
101107924
111305244
103686693
110248392
101645950
103484455
183446805
102256083
105720612
102389629
105758158
181898008
186761147
155445134
110246259
109582366
103745574
113560601
172665805
107535649
166954453
110298739
526353673
148125677
123186616
107699489
234346367
112137243
179748037
105703544
99350487
105485519
134935294
-----------CASO 10-----------
239709133
249272427
124440160
109882313
112778949
118832061
119626941
123778401
114536813
118731795
140199927
151314153
135580413
141614752
115502359
110781725
111190044
120686779
241132918
106291490
133475243
119585554
119399954
108537035
137468410
127591517
110835485
110547485
182215873
108484981
108094155
110423326
176791667
181066435
109739807
107935862
117223103
116729450
106922103
107930316
115996865
113089988
537126139
546665967
157069025
155483534
179404144
181182915
118325608
114553880
161050674
174304204
103161895
112231536
108013942
62411440
99593686
115149933
105231225
152970898
186002536
110925084
102870055
102983975
155636281
107718689
192586847
163331631
107422582
120177766
108144075
168477225
135841959
137569104
175504416
220012092
109012767
108426528
124082188
117683903
120906939
113822148
116414997
99422593
153880123
144645788
106521464
106356770
110251379
110420339
103348348
110697245
108753354
111101724
105805518
107995595
115170413
116319851
105668558
111324018
221179024
220529638
103071868
111392284
203429286
206879308
110577352
115161879
101031978
119943099
141272993
120143206
231784664
262176091
102595282
109212447
102383656
117407423
175457056
109629300
115703319
109115593
114024387
113549508
112469616
107495969
116182891
216396949
155871800
122687843
120046353
105248718
150541461
102013309
153069884
415176002
280447214
103729360
203380220
103112401
131476312
121308005
105977038
122629390
126256478
114971159
107240823
116038678
119860753
149081410
105597732
118180116
112014790
107227169
111149937
113060549
110916125
114446360
113167642
233067648
107903008
133563562
327083101
121724004
350972138
271982585
195329883
120201233
108318154
108665461
196806574
111107698
118787261
110299165
162325552
166078934
122376376
141149259
97189422
171306447
101219284
112422256
112677403
110121246
161298140
212643568
196105562
109514099
334795092
107397836
231921623
149065623
122553443
136713212
128661595
196999001
143399497
197499054
190706529
145804186
