-----------CASO 1-----------
58172085
50822761
52011880
49452737
54583397
73893025
124411147
52965906
48502124
57935713
52456466
61779121
53163452
48186818
57471927
51121428
53093906
51353961
49098177
113204335
59612510
55346276
58847498
66969515
153791803
67973033
54640570
51115455
57508620
105454372
52501266
53387878
51416681
47631299
51391081
54688783
64318638
52719293
48984257
69203538
49560683
54256998
47970925
51217001
48320365
48598125
54729317
97855875
48616045
72348921
51030548
47966659
46303514
49880683
110773618
63103066
53328145
52219240
49858923
57404086
60278963
114774466
52388626
54916624
48045166
53179239
52511079
53011559
48734231
53638758
52904039
57257740
46931140
51722601
55695289
51415401
55324089
50832575
52099773
70937509
51182441
51119294
50209216
55585209
51738814
53103718
55106917
53134012
111181084
48581485
53064892
51351827
51007082
50056043
48996631
59577951
47701699
49341377
46110235
58242486
50596628
49932310
54024464
93729587
51979454
50023189
90763404
56183822
73544439
53707025
53853371
50975935
47948312
51267347
53206545
48597271
60231176
49052097
113937774
251828584
119245501
51400894
57222326
47639406
70281297
55024996
50410602
49308097
80180378
49825643
50126869
59383390
52779879
52706919
59723443
54219877
102689148
53427985
49306817
53079398
52255080
66285568
81342190
51879187
83428587
50411883
64222638
48997484
48171885
56279395
52773479
50371349
48791831
47221273
53206119
48218391
50157589
47295513
49798763
47908632
67922686
49177110
48828951
51530600
51793000
56476941
183378965
53736891
65683543
53489425
49047404
58029152
52994919
53582865
57450167
55293796
54686223
48151832
51262654
57491553
181776834
57716832
51252414
52711613
69200125
101710376
50995134
53768891
51433321
84036159
62320133
54135824
50737855
103321041
48894231
51719187
48042179
81268376
125485493
47202073
-----------CASO 2-----------
54154171
47019033
52244839
46828741
55015610
55891982
51542120
49750123
51222121
118445501
51848467
46133701
59241310
62809093
54868836
53635345
52751719
48921111
49005591
51229802
58672992
50824468
48726978
50572308
52630973
46637167
63822852
46676421
56023394
47180740
49946816
63841198
49086657
52677479
98070914
55320249
49638763
48677911
48912150
93701427
49519723
53410065
55013049
55065530
51096681
50816789
49425003
132262231
50331243
63146160
52978279
53249212
54538170
50801002
54815503
63753305
54054331
49395990
47720045
47354393
50539882
66956288
52248680
108379594
54980197
50317163
107454582
53365265
51036095
57709580
51545534
49990336
51304040
50753215
51627880
57613579
48712471
51007081
49532950
49855509
51808787
47382553
53280359
47264792
79085552
59748191
49913109
50109376
52533266
93386547
52656146
47787032
47484099
52286653
74891424
47746499
67726847
48796951
61521842
50134549
79423472
55203769
71495162
49772736
51970920
48271725
53887078
59183284
70369190
50424682
51615507
50545856
47810499
94137906
55366756
74314571
49875563
59411550
52370280
120653072
67349247
49099030
90874337
50131136
51137641
107821515
55539982
50325269
49344364
187941733
48963778
52606225
236002258
87102608
50452842
49599936
47777218
57092194
117922836
54648250
51635134
57863606
137127931
51092841
48516631
52871186
99546326
49316630
53599931
49294017
50469056
56761528
148108183
128185436
111057351
51257961
49856790
77963420
50406762
52828519
50097002
90716471
54411450
50150763
56294754
53614438
50152042
48868205
59894537
70947749
49352043
55534009
48702231
48776471
51539561
52792252
49333270
49289324
51075348
48559298
48087831
123803575
55578809
439574051
49760363
57125474
47855299
49495830
113761561
48968471
55588196
52882706
47910766
53088359
105686478
77972380
51321534
108791327
44549063
54109797
-----------CASO 3-----------
50118762
52793532
110998044
83048001
94434012
63472132
54458384
54634170
65398530
50608149
46735300
53312785
232357675
47820312
68673192
144567281
48700098
50778815
113293081
50132416
56667234
57303394
49715990
49979243
52423186
48018285
114441241
47658606
49090924
52822545
48777751
49418603
50914495
50597055
48306711
61084936
51301055
48892097
118105022
49367404
47480259
45672901
96540890
118669075
51627027
54414010
49342657
45739888
48617325
60762376
48137325
49577750
52054120
46603461
47485380
53846971
102506962
52229907
49507350
46829593
48007618
133499990
49368257
49371243
50712682
47088580
47641539
48418925
47292100
52258920
51806653
62676400
50303082
61869575
46984473
47076206
96579716
77038408
47661592
76627955
49796203
86662289
104946212
47624046
47933378
51333908
52924946
49598656
48905751
47258392
48053272
47190126
100623232
49156204
49466390
47623619
165003736
49954070
51275455
51728147
48237165
47787459
50533482
48288365
61183495
84126612
122387043
49161323
51674387
55147876
49440790
92679135
49559404
48479511
50697749
47603139
91482336
56181261
48497431
47417539
47678659
51933801
51567294
89581112
48233751
47989699
59890697
56985954
50670442
107237837
113149295
56984247
116128705
54777103
45616155
48367298
57151073
113304175
101594324
49318764
106073464
54585103
90163085
53886225
111119644
89106659
47091566
49999296
105085732
102896508
54703290
97818754
104331813
167220266
65040130
49758656
54947770
51190548
48841751
106657571
60134750
51215721
48532845
77078088
113807215
47964952
53555558
47587779
48012312
47058713
52706066
49346070
49539776
50818922
49695936
56484622
55271182
59708937
133555029
50201536
59729844
54016357
63077893
60500830
56963767
115936278
72541347
52593426
64380504
48522604
55163663
57020513
62422107
64916823
54130277
49539776
49387883
50499349
54293691
48022978
-----------CASO 4-----------
54960569
51711081
55813049
48497004
54236518
50873108
138545742
47925699
54035984
48706497
54162704
51577534
53139985
53205266
104494373
46481434
74769824
124754187
114058947
113260655
164947842
53816678
62000987
57372086
47664152
46926873
102156669
117644223
53384039
57917792
55091129
49646443
50519829
56121954
74026572
50088043
57923339
48438551
50078656
53089212
49579456
51929107
53795771
77416008
52918119
50063723
85239784
106430584
56533261
61564934
50856895
48631831
50228416
67112448
49678444
51111615
55024570
92807135
47804099
50654229
48945430
49090924
48459458
55595449
57821793
51656467
53052519
57833739
57339660
52013160
50684522
72457720
53748411
171971193
50432789
67361194
54865850
101993256
84789652
56918967
125111306
50369642
48866497
51911614
106163064
140455074
54259984
50312042
53035879
86637116
51529747
58911924
56353635
52052840
53337105
56288781
49580737
50337215
52883132
53446759
306712354
49779990
56206861
126518025
54850064
51659881
54612837
50591508
68138579
49288896
58480138
128890715
54224997
123904694
52078013
49309376
51723454
50297536
51653054
52382653
56435981
55272462
71192229
100342485
47430339
48366445
45251356
58822325
78441286
46878660
49554710
47214873
116237078
52808039
47432472
49528256
52169320
73459106
52430439
49969429
94515079
57439500
53086652
59184991
216107670
48928364
49966443
51106922
101900669
57367820
49940842
53954491
50684522
50616255
65938689
350809577
48029805
54668304
116903104
50340202
194636977
105857998
106219811
48740205
46738714
50704149
69391272
55376995
48718018
46403354
58069686
48568258
53282065
50708416
55955555
109668126
94814599
49329857
51048468
49119084
57271393
50337642
48760257
51446121
53325159
48679191
49460417
56284088
51332628
55786595
51069374
177872413
48897217
136871078
79255792
50686655
52196199
51720041
51229801
50297962
-----------CASO 5-----------
56741047
51351401
45885808
52958652
55467022
54334224
107815115
48963777
48092525
47602712
49073431
50722068
53459132
50481003
48829804
48441964
45640902
49166018
46241647
52411240
69674151
97858861
49360150
55624462
56369421
147763438
63621465
50972095
117685183
79483204
49576897
50076095
52309266
53846971
53063185
53201852
57527820
66533888
64358745
54892303
57954912
54834703
50444735
57023074
100127872
309230538
87463995
59713203
51045055
58665312
52929638
53015825
50996842
52701799
48557165
53120785
49886656
53947664
68849832
51399187
105197092
60780296
55583503
52434706
145521734
132824577
55170916
47001967
53419025
53270118
48238445
49756523
51224255
49314070
51377001
48871191
53037585
49735616
142723658
54968676
51058708
55808782
53784678
55074063
130427566
50020629
51173055
53526971
125456906
85058024
47166233
185826323
53043132
49533377
53582011
52020840
49318763
54204091
49238977
75837769
50463508
51613800
53810704
53375078
54466490
50504042
53210812
50229269
76533662
54422970
56531128
51175615
50992574
57084514
52761106
110035059
167022719
101156991
54642704
47745645
51422654
54301797
65610583
70197244
50897855
51670974
137127932
62920026
55982008
49832896
49985643
132358230
49535937
106072184
129310981
50537748
70706256
49812843
57571340
49774443
48286658
53612731
50975082
81253016
50270229
52898065
48582337
47201646
54777104
53229159
82672534
51332201
53409638
52145427
69048231
50313322
49182231
104501626
50981908
106613624
52440679
54160571
96970115
51161108
48561857
54024891
56886114
61666481
46255727
46970820
98956674
49877269
52012306
52374973
67209301
51918014
49126764
57129740
80938136
61468081
98383234
73874252
52785852
128420956
46363674
52095507
67279274
48647618
50879082
54626917
57642166
58954591
48721857
125456052
56184674
51416681
53803878
50039829
70518097
53302118
-----------CASO 6-----------
54408463
286513980
50790335
50317589
53600784
74465611
109217567
54083345
90434871
102605096
47332206
49412630
48855404
82612374
54682383
56049422
51915027
53971131
95739184
56071608
47884739
113137776
53968144
98810327
50942655
89065700
60477362
55025850
57293580
53049106
50974655
47321113
54804837
53999717
50306922
52971025
50984042
50332522
158196704
96977796
57067874
53753531
158469344
46832154
53278225
47358232
46600473
48635671
49427990
47137220
48174018
56018275
72249081
53848677
53603345
51435028
51357801
47335619
47723886
45818394
47146607
51813481
52227773
46967833
53093478
49695937
47064686
68694098
53165158
53878118
49122924
71673509
62524933
50602175
50555669
53709584
77241927
48863511
56479928
53860197
51950867
49815402
90468578
48332738
51557908
68368979
58091872
49900310
49284203
61006002
205741390
50995561
50805268
47151726
129800794
50425536
71500709
49705750
55570276
48904898
62943493
47342019
49297857
55431609
54164838
115641452
55640249
50298389
69077245
53946811
52473959
53372091
51189695
79376539
47869805
86959675
50382016
54587663
96557956
50163562
203375953
48524311
51866814
119233981
51199081
109559326
56345101
55691449
48378818
49954923
55069369
72398841
49556843
110182259
61395548
47912045
54905530
46361541
48017432
51182014
123466936
65065730
74851744
60300296
181322861
62930266
56197901
51477694
53073852
50766015
129081862
94325639
56734221
48623724
48482498
213280580
49006018
51571988
46872687
51053161
76048969
49604203
165964588
101206484
51601001
50144363
52607932
57071287
87699941
51940627
70012924
55205476
51746494
77326835
205669710
49904150
48498711
50527935
59571977
57796192
50666175
54325264
64069465
53749691
107198583
120250299
52664252
57489420
47205059
99141847
48221805
54360678
122490724
53925050
46295407
116569450
50056470
49806016
98841900
49123777
-----------CASO 7-----------
58614538
53665638
51666707
52755133
51480254
54024037
49262017
50711402
76262303
110277406
173752951
47519086
52611773
49602070
52381800
64519598
53952358
110600818
53933157
51120574
50486122
50611562
56377102
83109867
99679019
57258167
69317458
51105215
55161956
46949913
56095501
283180011
49917376
51065107
55758009
54455824
145112987
58586378
49725376
53754385
100405632
51281427
102300029
53337959
59841630
51727293
51557908
51001109
53907557
52162066
88778126
55170490
49402390
74253558
176537800
52150973
53821797
99929899
55296783
90906764
50494228
57601206
53943398
126540638
118483902
94380679
104255013
83213974
48691564
51022441
48968470
63170052
114081561
49496257
50754495
49628523
50211349
47039086
107498102
51360360
52402706
106109731
54149477
48194925
48450498
52965479
76837022
48680897
54006118
204474191
50315455
53803451
58761311
54093157
95333851
60252083
54001424
115859905
131245912
53754811
46570180
49201430
49928042
63478959
56568247
52212839
132114605
48110019
53328145
47919726
53541051
50705428
101864830
51622334
51033534
51174762
46721647
85784211
50192149
57634486
55719182
113303322
53021372
48394178
49075137
50813801
47358660
54838970
49611030
46035568
57102433
300439509
50886762
51257961
63164932
56961634
47258819
53899451
58793311
51458068
50946495
54144784
116883477
77779100
50854761
61581148
53991184
56225635
51276308
51811774
57695499
55641528
84142399
51310014
50921321
79731098
54041530
53712997
115910678
48805058
104777253
53824784
65735596
51882174
54479290
51371880
50660202
57678860
47799832
51196947
51302334
56471394
56238434
49886656
47620205
45758235
50130283
71364602
48729964
46798446
112346736
54596624
108967967
92996574
49830336
48177005
51571988
49141697
54360677
97656622
48804631
51151721
53347345
55475129
51890707
49347351
53512465
53142972
50651242
111880390
-----------CASO 8-----------
60497416
52969746
86719462
52676199
60821682
57705739
52592999
108403915
57163447
54024891
48392472
51627880
56706914
48139031
95670491
52252947
46695193
48132205
57571339
86993809
48293912
50344042
111354738
49565804
52886546
53183932
53230439
54318437
50674709
55319823
122233017
51846760
52079720
49490284
46884634
55631716
66258262
56665101
54236517
47648366
52544359
50342335
124237494
47466606
52223506
46340208
146492399
50321002
48364738
55279289
48188952
49341803
176316788
51178174
50242923
52174440
52383507
54622223
102303443
49688256
52630119
56508515
53439078
52590013
51544681
58940937
54879930
57914379
130618286
50120896
54821903
49070017
149246956
57769739
52271293
102621309
79372272
68091219
61481308
52035346
64565678
51767400
49817110
94293213
49432257
120915898
49035884
46882500
162566618
64168025
48540524
50120042
87883834
51556200
53051665
67512660
49388310
48078872
69499217
58006966
62593627
51851880
69673724
48354925
52286653
48468418
46115781
53942971
50102549
86682342
47996099
61250055
54129850
56195342
52420626
129912153
77283741
52617746
51547240
48543085
52303293
67907326
52413373
50948628
104141093
51968360
50622228
46271515
49765056
49367830
75762676
56438967
47863832
60351923
54519824
50749375
52505959
48687725
47581379
51622334
206986401
50498068
78890993
51830974
50114922
50400789
46808686
52770920
93963826
49739883
48893804
53621265
51228948
47910765
52958225
50871828
51240467
50886762
47210606
48923671
47932952
102120403
52898492
52665106
52031080
56868194
49006871
55469582
46137968
50163562
108842954
51705961
65133570
60642482
51747774
48846444
50848788
50042389
51702547
51698281
58787338
53590118
53754811
50285588
48045165
299277697
52901052
52792679
49047831
65477463
50262975
49375083
53938278
121747898
91668790
53172411
48715458
50985321
58317578
48603671
-----------CASO 9-----------
50642282
47696579
55924409
107526689
47536579
56852407
51819027
53036732
52994919
52647186
48218818
54328677
51150868
49662657
57754806
51886014
49811136
53644731
50076949
54964409
49000471
54658490
52625426
46940526
50669162
51510547
54815077
57842273
50416149
48689431
105601571
50664895
57845686
48416365
52662546
48142872
60668509
52245693
49038018
49311083
46494661
48718018
51990973
54333798
60202163
55026276
51348414
51064255
51649640
51057428
50213482
56822114
52421906
53157906
48779884
50213909
53516732
52340413
52616466
47165807
47741805
58737418
53491131
56284088
107925622
53585852
53247079
47760579
49084524
111777563
49206124
50874388
52666386
50761748
48887831
47900525
49051244
53171985
49403670
58679391
53716411
49671616
47722179
47868526
46770287
53484305
51155988
47217006
53876838
49913110
55573689
48895511
51147882
63811332
56936887
99516459
51699987
77186888
257179404
54191717
48774337
80349764
53727932
56880994
62535174
51530174
47749059
51228948
51029268
51666280
49745429
45821808
55053156
52050707
61075122
48038765
55607395
50486122
47933805
49824790
46500207
54210918
45945968
58671285
56930488
52450919
61700188
49102444
48662551
46706714
51115028
52591719
56816994
50789481
55411129
50253163
51480255
101005098
48589591
52785852
55977315
50478442
50211349
51015188
54642277
47872365
51720894
72243535
50992148
51938921
48116845
50900841
52852413
48871617
50619669
72652280
67276287
48524311
56697101
48548631
48672364
48007619
55234062
52834066
50965268
55605262
55257956
47170073
48055405
51502867
50862869
46157594
45547461
53235985
117631423
50619241
46630767
51587347
53440785
53992465
71408549
51894547
47647086
56037048
64181252
50921748
48791404
46942660
114965612
49176257
56368141
50275349
50046230
127224584
51097534
48964631
52435986
52080573
51453800
57858913
-----------CASO 10-----------
72462841
48715031
51206334
67022848
46657221
51884734
46547140
51230227
56912994
54658490
58703285
67659007
54360251
80368110
52792679
67635541
55106490
73624652
50619669
59555764
65132290
48406552
55337742
60299016
55358222
56821260
60022537
59011338
50302229
56589581
55003236
53188625
53291452
46471194
50466495
56066061
67224234
53303825
49451457
53739878
50243776
55926115
51161961
51746921
46723780
51123988
104518692
51181588
50355989
47848899
48890390
51801107
55688036
100006699
77285874
116330518
50542869
54808676
51359081
54155024
52387773
51963240
49815403
71653881
49811136
52935613
60133043
47817752
73300812
56007182
48261485
50309909
47624899
52177000
50080789
54499770
49864896
54117904
60583176
53352038
122908003
57203127
47784472
53456572
50502762
50837695
113064815
57448033
54381584
51726440
117010623
52906172
57398967
52739346
165196589
68995325
56144995
52389907
104812239
49761216
54374757
51097961
53884517
50313749
52744040
54647397
92927455
55247716
46599620
53363131
47190979
60325896
52483773
50107669
49024791
99121367
50531348
53355879
49111404
47446553
123130296
50683669
48462018
49967296
49829910
52113853
57136994
50377322
117290517
49748416
54352997
51713641
48359618
57252193
52536680
49242390
122354190
51869374
68412926
58312032
50234389
50822761
108526795
55407715
80179951
51209321
49778283
48882284
53195878
49361003
116552811
55329635
61261148
50441749
135432360
53204839
53149372
110129779
51501588
47913752
71091109
56952247
78680219
55596729
55515662
51355241
52358333
69754791
49885803
55837368
49692950
51756307
56247821
59032671
48874604
46183194
52724839
51412414
48910871
50298815
53036306
49968577
56073315
61998428
49145964
54451130
51443988
54116197
50042389
55642809
54811237
91681589
49632790
55608249
58478432
48902764
53681425
136967078
49014977
50784789
