-----------CASO 1-----------
117688596
124915467
146355013
135018920
171346980
105727865
283582784
123120909
113379695
106318371
105320826
139009102
111025778
111278790
103328294
99325739
106529570
104554106
116804117
122703630
131643138
104367653
157290465
119863313
193336499
138552569
102877735
102583336
125776052
103173842
112793455
108700448
121162512
106209997
197152174
104998266
183716458
108333514
104774266
111653404
104603599
108357408
106841890
106413943
107768608
98486061
103894481
112534469
107242103
109881886
150398527
104187600
132997803
107574049
334763518
145644187
104699599
100300672
175611935
124670560
120218299
139222861
133281536
108260555
103025788
116105238
97284995
102182696
126242398
106116985
98132354
107453303
276976286
105822585
125970612
104468773
117026837
103520294
100753365
101166377
124251147
136443558
113516228
103783547
108626635
438063653
109501300
100428672
108978207
104863865
138470649
116260545
123449869
187227067
122320483
192417461
101873363
160949554
116977344
102684456
103089361
133559296
106308557
241754571
101727443
109427913
102675922
116049344
100545577
137016571
104314320
150783380
111720391
149520449
109729139
134300842
119949500
135437053
105977038
407396598
115853079
101749630
125205599
111014258
142036725
169464956
111431537
127134131
139153742
106097358
125242720
105757305
105182585
99078273
124304481
102713042
113342575
104565626
110268019
112062576
122047844
128342449
205034404
116795158
112686789
103106855
113874201
224635019
333909333
218130921
114776173
102053416
102246269
104225573
162152326
102233896
113549081
108419275
115203266
148268610
98478807
120344592
113478255
101992403
121215845
103507494
181401794
181061315
109952286
107379063
120286566
122673337
106252664
106617890
116652650
103914107
227885788
105923277
104277627
100117632
136469159
115384599
105444132
105832398
110832925
108415434
110137032
100969257
109291807
100694911
109964659
107991755
110609351
104016934
112806256
108109088
116132544
167085867
123654241
106664824
-----------CASO 2-----------
126023945
153846416
107265569
129796954
103186641
128881328
167735679
113735108
141477793
126458291
358940981
122727096
168111144
110583752
105388238
104628347
124806667
105178319
115852225
120290833
103939707
104081360
103545467
108753354
126085385
144044189
104416293
147989144
100903124
103668347
107272823
101900670
156043320
143210910
106871330
104957306
102694268
105460345
107196450
106389197
111129885
100274645
108212342
149758955
108295541
104755066
103880401
152088552
111746417
116885183
107318476
143559923
117273876
173136418
107084237
129507247
106755277
127757917
155409294
104077520
106019705
101221844
138653689
454386192
117325504
100077952
104355706
119028328
112039537
102291069
110552178
112112497
106471970
152278418
108311328
107973408
117738516
111468230
103036455
105941198
109433460
100136405
126677598
109251273
103591548
106071757
103206268
109277300
102918268
103006161
101727443
105980878
108999967
121104059
138886649
440539169
126105012
141168885
104992719
103553148
108633461
133731242
106448077
104698746
99547606
114580760
105390799
112387270
123598349
155803961
99947819
105075492
106219384
152283539
413429231
108533622
105011919
185178216
186734695
98608514
187465147
105686904
104090320
110989512
101816190
227184349
118938727
112468763
113545241
108098849
105062265
100281471
125133066
169330557
185125310
180340249
109709087
105556772
259020468
172001487
101558910
102820135
106798370
168467838
98961366
155262948
112786202
124951733
113381829
164809176
103216082
152774631
270663334
122129337
103395707
101376724
101295657
104305786
185199976
129577647
102321789
204324858
108039115
115134146
114540654
120452966
225984137
110874738
124452107
104446159
103592827
196428122
135248893
154441615
110988658
146558106
147241624
145898053
146919919
114182254
102432296
104282320
105329358
142190325
104173093
143748082
104580133
167942185
208852640
100514858
104268240
103459281
164665816
118733502
181850647
101173631
101362217
102460883
99920512
107071009
-----------CASO 3-----------
104057040
142927604
114770199
182751339
104155600
164523736
108750794
155535161
125141173
168621437
106914424
103215655
98789420
105953997
172834338
201467475
175983135
102864082
180239556
107763916
110129352
184708883
99325313
181217475
161159047
106536824
241800224
143862003
106544077
110060232
99813419
158948490
103776721
104840826
108633461
241348385
108633887
102189096
101612670
117954835
102242430
102038483
128477275
107552289
108481567
106298317
104282747
110814151
197611267
110956658
111655537
154746682
103647014
104528080
113817454
225683338
103823653
151340180
108150474
108947488
240886305
151446419
100609578
107932876
151740392
98480088
136276732
105124986
101611390
107450316
111396551
100911231
133448362
208478026
102788135
104691066
154970255
101219284
101148884
103396561
103730640
126187785
101187711
420315622
107295009
166261121
109331060
106677623
147760451
105401892
112324976
118806461
155990414
99071873
102124669
104368079
104602746
112285296
108010955
118703208
106673783
109974472
172132900
105153998
107134156
103804454
107482743
159455796
99813419
102114003
144407281
177617692
105981304
267967231
102021842
108534901
107835595
142218058
106094798
108930420
105031545
104714533
116612971
146064880
125325067
109560607
146454426
205141071
180620996
104090320
161891206
114096494
106844450
199129346
100818644
111851804
103832613
106746743
131342765
115261719
181619394
112984602
160388488
104045521
101392936
102137043
112583963
104566480
242577183
164253657
122657977
202031102
100629631
142521418
121337445
103007868
114330734
104266107
113962948
117185557
178654064
114049134
130483033
110935752
172543779
184568937
223195447
109957406
177472200
109395060
111904710
195085830
103863760
105345998
101360510
113625454
101835390
104638586
166523094
113893401
106674210
101812349
302960252
106269731
119443047
193103539
104366800
101715496
119559527
170651942
115441345
103852667
165677441
110521032
241859957
101466750
133185963
100215765
103022375
277906844
-----------CASO 4-----------
146263279
106542797
123079949
117613929
109513673
113543108
116428224
108018208
198111747
111244231
97694594
107861622
119137128
111747697
117581930
121139898
95591558
106183544
118147689
104436346
103796773
144886428
104952186
129236314
104468773
103068028
104990585
197322841
104641146
113097242
197127001
129973167
107830475
96410330
169285330
107856929
108961141
139948621
118694248
180754542
109489780
123079523
101120298
113276441
108317728
106681463
184496830
133643776
185834856
106242424
133625002
234377513
103142268
167618345
103249361
594812679
113267055
155668281
107260023
100886484
152880018
120284859
171725007
205553657
181025902
110364446
118621714
116493931
112505029
106487757
128625328
106579490
100181205
115582999
109312714
104130427
116598037
102862801
142128031
185672296
105229092
118698515
189241784
112583109
103941414
112722629
127246344
152974737
107091490
105594318
178076786
164583896
112129989
102954535
104192293
143998535
155773667
110450632
101654056
114253934
121170192
108500342
109907912
101447977
102559869
106188238
182139927
130487726
108152182
99869312
156344973
127163997
123320589
106736930
118109289
103155494
101137791
168517757
105790158
150623807
109214153
105347278
105804238
176832627
95863344
100908671
106073038
99539073
100439764
173106979
142248777
239299107
103280081
125066080
132485804
133258496
138149796
98921260
101030271
104700026
95742171
95921797
103705894
164273283
108897567
102346962
177784519
121593871
107816395
103367548
143367496
105228665
102046163
117774782
218510227
118324328
123963575
199538944
149099329
152324498
133157376
174741110
142867017
112834842
149787542
120816059
109705673
111224605
174212044
167077760
107758796
118526995
134218921
109472287
101174911
101855443
180594116
152328338
111130738
111441777
105811064
194714631
163882030
105566158
103398268
122539790
194723164
123508322
102469416
101581523
114149827
97442435
98633260
104452986
103740880
105614798
220306492
208158027
108764448
128400476
-----------CASO 5-----------
104250320
175233483
99914966
213625327
211884955
98681900
100428671
99629099
98849580
222377528
166043947
105895971
217772948
121856698
112769562
104442746
109950153
108695755
123986615
118952807
228037681
172614605
110721138
195280390
131410178
119263847
114998892
120719633
144588188
263144197
110320072
108259274
109329780
109028554
134335402
105126266
104424826
103283068
181247341
111388871
108941514
116360811
194858417
111094472
222630969
108275488
164656429
178085319
105228239
163446405
195494577
119885500
109114314
186194961
110431006
127294984
118270995
162421979
115105986
107444343
154482575
107067169
157042999
110305139
112757616
102697682
116661611
163392644
116302784
116534464
105187705
103413628
114972866
118961768
213008794
165182082
127506184
186218855
113606254
232048343
115028333
143220297
104609146
184705897
102247976
108335648
111059058
108160288
102392189
155846201
133072470
104992293
118142143
228079068
103004028
171836793
124536587
115369239
104168826
106062798
135880786
103908134
106873037
109909193
169704316
102395603
156223800
101072084
118079849
118083689
112607856
177142387
115700758
109299061
110468126
104862159
110501831
118031635
119889340
194801671
109522633
117288810
108910794
112287003
111069724
174160417
105102799
119598354
148048878
227383602
121613071
128568582
236764283
139881208
116181185
106598264
167292373
109671539
150284608
114995906
113568708
284120383
133383936
111885510
113581508
104421413
214040900
107597515
122225764
139628621
105445838
104229413
140108620
170161702
104429093
114474947
235448445
197458520
107103436
106786424
108413301
101361790
108069835
110723271
142940831
179978436
144803228
181770861
106884130
105156559
199656278
112745243
254548155
229721733
121484218
109471433
147998958
121829391
112641989
324956598
170901967
145066481
170121595
176562974
110164339
111217777
105311865
108821194
141087392
108743114
120711952
144276722
149814848
170488528
109568713
162744112
100497792
182860566
190863969
131469911
-----------CASO 6-----------
112591643
101955710
117999636
122323044
194487645
133576789
225004939
178464198
113540548
122474936
107793355
110165192
140347981
198599853
111036018
101250857
114462573
108157301
100698751
103259175
99397847
99369260
205815203
144382108
107443062
113187269
107964022
115137986
215913537
170831568
111298844
104645840
148402156
116617237
110307272
116399211
602098857
167842772
122467683
105121145
146496666
108904821
123895734
101591337
219355452
113127108
156149987
113963801
211468529
105382692
105276879
139720354
279406149
257646176
194123272
135949053
167850025
101059711
170113062
320930576
104782799
102841042
108260555
94885425
101078057
102781735
103490000
103634640
98781741
252173330
157489719
115775425
241611637
138608463
135955026
108616394
238199588
101877630
107453729
147605145
105962957
116079638
105474851
130704046
104230693
103721254
106319650
105396345
101489790
123249336
213038234
149278529
105495758
110447646
108473461
201532756
105813197
182730859
108830581
354273253
108482421
103411921
154666469
110138312
107544609
108953887
156057400
103616294
114360601
114598253
119748967
171085435
191439968
151096127
103347921
183940031
113099375
123784375
105068665
163110618
289367950
101732563
107458849
105737678
136231079
108056609
108756768
119356860
105857998
415900481
110384925
105206478
120743099
124667147
63245999
109892980
167436159
104345893
101116031
181456835
105584078
161871579
119023208
219892625
115878678
148283117
183347819
108355701
151002687
172540366
169502077
98454487
101097257
161250781
106934903
385237694
106146424
106488610
103437094
109546953
103374801
106658850
166237227
101650643
105289252
106604237
165598508
104547706
115090200
184650431
117299903
239086200
169525543
127237384
109323806
203572220
171747620
99756673
109967219
113427909
313044932
105359225
172638926
112959429
146949359
152516498
133400149
105300772
161688113
120364646
115453719
116464918
165639041
110419912
126034612
127647837
107098316
125893385
105325946
120390673
-----------CASO 7-----------
210945864
162509445
103423868
106826104
145719280
106618317
109553353
106644770
133168470
104572879
223258167
114073881
100548991
112201243
182009367
112164977
104161146
149786688
120117179
213106501
104695759
109548660
286591633
140539980
131320152
114535107
229757146
120400060
120448699
104350586
111996443
262810117
247393817
102736935
167835092
100447018
105369039
109991112
108641994
114110148
172291619
193802419
135418707
108367221
148300183
171024421
104756346
160338142
146274373
108739700
102992508
162183046
109366047
118782568
109839646
112916335
122773176
114999746
116105664
106697677
145616454
102845735
108325408
109556767
292241973
145173575
109694153
622865976
113215429
206843469
113610948
104531919
105049466
104950052
104978212
125044746
106346530
102531282
109461193
118113129
107833889
105470159
104444880
173090339
105897251
111058631
142037152
120659046
117821289
111036872
105487652
104789626
123520268
103049254
100389418
108575008
112684230
309827870
108460661
138537636
100900991
129817007
109680926
167532586
164357336
104008401
109925406
101267924
149867328
103940560
104800719
124231094
111263004
143044083
105681358
112084763
101824296
154381456
201839955
127385010
104508880
101993257
284584169
119711421
105370745
110456178
141792245
129469701
103349628
110460445
107430689
321547961
333815466
103332561
109779060
125697546
111962310
180706755
150252181
122092644
182419393
110132339
149004610
200435796
123601762
103909414
185662056
266673579
169321596
120816912
108225994
113412548
219592253
113486788
165637335
231994157
195739483
101613950
113457348
114281240
107303970
135319720
197177775
126852958
115716972
110433138
117511529
159782622
115548013
96272943
159687903
110732658
112251163
102224083
106637944
116807104
110128072
102998055
113226095
103051815
314416237
108239221
100564351
106166904
191999328
190076343
133514069
113569135
113984708
156429027
186082749
115825772
110333725
108512715
105690745
115211799
108660767
165677868
106275278
109041780
-----------CASO 8-----------
132128685
113643801
179358063
194094259
154938681
173857057
112345457
155359801
150456127
123033442
208576160
102764668
105220559
111231004
113380975
110337565
121651044
106921250
160709767
108229408
109139913
124313867
174297804
103687121
105358798
106124237
105989838
192920927
103888507
162959152
135928999
172405539
108667168
115658519
113284121
151200660
118693395
116239638
138546596
112045510
106903756
102772349
283303317
267557631
103658534
104603599
105273465
115004440
144314696
166228694
113430041
169706450
109043061
249264321
126550878
157010999
132367618
112590362
117918995
128073650
124031841
159187850
119153341
106927650
103679014
196379055
118000063
105660025
109203487
106689997
113059269
122943842
224944778
106751863
169310930
109618633
118085822
103786960
115426412
115627372
189054052
139231395
215264578
107500662
164183257
105443279
105278158
106625997
107625675
115940972
110632392
106357197
102177576
181228995
136275879
146193306
102969468
103355601
112161563
114861080
125675359
125620320
171266767
129834074
102550056
127271518
113055428
107492129
111068871
160113288
107608609
103854374
111764763
112030576
108769568
100283605
157766625
117000811
102814589
102758695
123007843
173878391
184416617
109191540
108615541
111198151
187049574
106288504
155832547
119812540
111944816
111349617
104092880
109648073
173715831
130966019
104389413
134439081
99804032
255435619
112685083
107485303
123519415
101698430
105350691
113284121
105033252
105569572
124403041
230400132
186812348
117946729
132889856
106932770
106793250
107586422
143885469
145566960
109603273
123891468
123229709
106327330
110708765
116048918
103082962
117669822
292791092
110742898
111017245
112388123
101031124
114496707
111018098
160241715
105569572
124327094
106922104
108577568
118883261
101858857
175179296
116162838
197509721
112182043
106184397
406460919
106481783
108304502
110625138
132004525
102770216
118501822
107937568
99077420
106814583
119287741
131619672
114591427
100928297
108203808
-----------CASO 9-----------
119339367
100782378
118840168
117485076
120942352
109727859
103972561
108554954
109819593
170561062
139774968
110532979
222886115
100576298
125820425
122745870
127036424
169650983
117002517
98742914
122620856
250564373
110662685
194179165
133999188
103371814
178828145
110785138
108365088
102257362
113473988
105617785
186162962
108034422
113319961
112509722
120053606
109823860
107446049
100223018
103410641
108281888
106692557
172949965
108050208
111786950
119253181
118130195
104837412
104763172
108123595
167365332
110076446
108552821
122297443
129067782
120816059
103321041
197962413
117171477
102839762
104267386
106776183
100577152
132376151
107260450
139422542
114125081
102152829
107097036
109345994
102945148
108804128
158566197
115854785
186704827
105739385
188510905
111913243
113126255
101437737
110841885
98973313
109667700
104942799
106049997
102976295
110804765
107394422
118694248
237473402
167314986
106116131
135579987
134078548
104772132
102668668
107154210
466516736
105213732
179320944
108334368
103660241
105294372
172487033
120754618
112327963
104726906
165227735
106157944
98270167
115881239
104141520
195336710
115010839
106436557
101716349
101520083
101409577
105718904
104900986
155705828
111373937
104876666
112634309
117088277
202155261
112490096
236372604
100453845
106061091
100457258
101737683
107767329
107482742
115686678
112053616
111520284
107858635
109730420
108627487
105455652
128440582
111940977
117567422
117285397
108033995
105175332
105397625
102880722
102268882
117507689
107542049
120245606
100091605
134155349
124230241
114501400
116627904
107066316
161733340
110937458
110617032
112688922
177694066
105031118
157210252
105860558
111374791
111897030
205218297
105145465
120790032
111857777
102402429
107744715
115521132
160191369
109003807
108977354
122400270
118870461
143484403
114332867
120206353
141323766
145138588
104165840
104108667
102384935
110404979
104267387
108166262
120722619
116334358
102524882
113918147
108149622
122455736
123933708
-----------CASO 10-----------
141517045
100671018
112536176
103258748
106279544
100952618
111894897
103540348
104339493
115250625
117815316
182187713
123569762
104791333
106154531
116145771
122422457
115550572
170756048
122803896
161641179
139015929
112729029
181478594
104232826
95935877
102535122
107233143
107246369
110384498
128571142
115603906
141724832
111814684
155274041
111366258
111729351
106079011
108045515
175550921
106416504
158273077
104925733
103858214
105569572
113692015
114358040
109951433
195686150
120282299
170264956
114128494
140321100
130020100
113857561
108268661
115574465
134890494
105466745
143846216
106625996
108665461
112860442
110963485
99451606
115371799
107876556
110038472
109812340
106360610
104516560
112819055
116805397
144040349
198174893
115577452
100823764
103666214
112526790
101953576
115641025
127838556
115575745
111562097
115549719
108032288
107874848
111819377
101439870
132027138
108316021
113692014
152734951
122152377
106042744
134202281
145423174
120978191
111762204
121297765
105623758
140946166
110800925
101244883
120852325
113843907
106951969
105384825
109048607
106521037
116777237
140841206
106913144
99068459
106374690
109482100
100361685
113330629
102978855
104185040
106711330
101969363
109215860
115793772
108740554
154721935
104555812
105283279
309384564
106293197
100938964
105271759
114075588
111658950
104075814
108987594
101787603
114684440
111335537
119240381
110511218
119050941
122322190
110320925
121049018
116359531
132199085
126612745
139966541
100807977
102637096
113400175
148363757
124679520
124906507
107118796
122544483
111972550
125725706
102949415
157599798
108881354
120705978
102425895
107263009
122549603
126785545
133211136
111075272
154976228
109264500
104338213
109090421
226618590
117078891
100075819
124265228
112997402
108614261
118294889
140737954
111900870
205976483
109906206
171022288
119260007
111095751
111350897
114384920
101537577
108983328
102978429
102570535
112361669
125161226
111260444
127137544
119223741
112437616
110337992
