-----------CASO 1-----------
99452033
76055370
128403036
128493916
128896262
70000123
129980847
130227033
127892743
62360240
49517590
59031817
56757261
62974212
58285579
58236085
58033419
69884924
54214758
54454543
54554383
58267232
48217112
58339339
58651231
101709949
120337766
70071803
70359803
70900389
52781585
63073199
63173466
127354717
60513202
62579120
62543280
62472880
69135272
76437662
60549896
48397165
187055974
180049263
191139168
191631115
55305742
58310325
54695610
58112779
91970442
92049802
92502068
92043402
58720778
58675552
150051221
110628125
51850173
54039824
55516089
74332492
62568026
54206651
46389700
63955118
65837142
57971552
60023390
66359809
59642804
61337522
50439189
54893156
62274907
142324724
142761204
60837468
67737940
68000766
54834276
137690704
102723282
48902338
53949798
101516670
58909791
58903391
59009204
52152253
49691670
128006663
102936615
101704830
54309904
60274696
62563760
62758320
57369100
58888458
54173797
52357053
97152302
102901629
122088804
121605391
56271715
57616566
55886862
51141054
66358528
61114375
132106924
135478867
130989485
73616119
59526750
55419662
53163879
58352991
58719925
59424350
219861905
52969745
69171965
59738377
57065740
59495604
59944456
53664785
53689958
56048995
56966754
178954437
50002282
54891876
58101686
125526453
58997258
135670013
102328616
103007868
142205258
62959279
82352108
82300908
103288614
50870122
126079839
125613066
114993346
118961768
50323135
48134338
50328682
59697844
56571234
65067863
49573057
138558116
138485156
111033458
57444620
57280354
99567232
98742486
59762696
61628508
114044014
66343169
68990632
69850791
51497321
55101796
64934743
54407610
53669905
51126548
120783632
119067154
74279584
74501878
127986183
113341722
113528602
103471228
53039719
60299016
156092387
156300173
59735817
52967186
56598541
61559815
51954280
102848722
54022331
54942650
62916613
52648893
52150546
59107764
51490068
60217096
45920794
52441533
51681214
101349844
101223124
62964399
48393325
52471826
60870749
74670411
77159155
61446322
54658916
68251220
68470952
78723312
80389017
81173229
64536664
53018812
100838271
118506088
101217577
54330810
50464362
58209632
54696037
58387552
61384028
61427548
61535067
51542974
52268306
54169104
52178280
162390832
118103316
124472587
124555787
229696132
150759487
70694736
67000234
55147022
58236085
52897212
77922034
70815483
69967697
62062428
60705629
49408790
53098173
52619880
56102755
57232567
57448460
52844732
62735706
61087068
59193525
57643446
49930603
69394684
69370365
68927912
69690790
123317175
94307292
91545483
114524014
63036079
67926099
66253142
50314175
55743929
56095074
57133154
74949451
76114676
70819749
57443766
64211117
62160560
61979654
62426373
65827329
57849099
71004496
49614016
54708410
57291020
57465526
57592673
62354693
101868242
72807586
56863928
52281960
57178381
77472327
78439153
53774011
72082681
71984548
51831401
89576418
89738125
52549053
58955018
59342004
50603028
49098177
57865739
55341156
63341572
49320470
53710865
64350638
61448882
58952031
56559288
50231403
54940943
52430439
58448139
62510853
56799074
59167071
91702495
116066411
184737470
99442646
100036139
99585580
48481645
53819664
142035872
144416668
148217837
156222520
156693986
156491320
51393641
51600147
55489635
50518122
58358965
58437898
60576775
63725571
61602054
60720562
60891656
55437582
61983067
62748933
62492934
59576244
57022647
66946901
49534657
120957712
119566353
119224167
118156648
118150248
120147046
56172729
83614187
56510220
54750650
61308934
61782534
63184133
67366741
55773369
153879270
130746712
138651129
133575935
133968469
133118549
134782547
57299553
55804515
51235774
99710166
81093869
87814288
88389860
68320766
104381306
69496231
47672259
64102318
-----------CASO 2-----------
54873103
82448107
57022221
61189468
60546483
61890054
61960881
55193956
56545208
59218697
48751297
54863716
72716280
72658253
69531218
64109571
68482899
54082917
73700599
61073415
75969183
53387025
61530801
56922381
54497210
56219235
50443029
150211647
111987483
106584183
62314160
62513840
57689952
57866166
59082165
55394916
55619769
65129730
52745746
58205792
51362921
112490096
113116015
65343063
67622740
67784019
67743914
63381678
58136246
66328236
61043122
70341884
62220720
68133033
62790747
52105320
52628413
57398967
53433105
63822852
64863917
64982957
64701357
48722711
57654113
51333908
49854656
59585204
56287075
52880999
53198439
116054038
119015101
119650833
112284869
64523010
63145306
66112769
66277888
66230528
66150315
54783077
55236196
96130437
53483878
62802266
63043760
63031386
61267549
53732625
54261691
56877153
71374415
78189554
115516012
83648320
83638080
54347450
52578493
50738708
106557730
98273581
107047969
60088243
60256349
54523237
93712520
77818781
55184570
64136451
64260611
49364843
57886219
69213351
72034894
50718228
49832043
51524201
58242912
50782655
55362915
69132285
53717691
90596577
63589465
87339835
90413111
89372045
61691228
55086863
71516495
64517037
70087590
61783814
61611868
64971437
58183605
58215605
56121101
68340819
59004938
67780606
62357680
54735716
62569307
60753415
76683422
72593401
56282808
55528036
53246652
112525509
106574371
53344358
55205476
144246429
128093276
62632453
67646633
129552901
90983564
129757273
61100722
82986987
83205014
61991174
62085894
59352244
63106479
67914580
60052829
139582115
142644297
71779321
74095691
79183686
58821898
70315857
68460286
68847272
73039693
74608117
62628187
54277050
52317373
59621043
58743391
54568890
54898276
67727700
54581690
64181678
61113948
61462535
56487181
50207935
64343385
68164179
73143800
57761633
62637999
67126527
63016453
63715759
74637131
86659302
65068290
65616129
58212619
125037066
125449652
87732368
66932821
58860298
58995124
64973997
66227115
69249191
69408338
71503696
63631705
52003347
58763445
61481308
57692086
115333826
115780971
142459551
62100400
60003763
47956845
57083233
62012934
57082806
59786590
60227763
60363869
61534215
50187456
50360682
53855931
59108618
59248564
55634275
53702758
54710543
56483342
54987877
51561320
55407716
54569744
50970388
58096992
104860025
105081892
87058235
87486181
53575612
56406115
56939447
61052082
65720236
88550713
81399790
76240543
60501256
60598109
55464463
49681430
53154065
57503927
60270429
64505944
65966849
66385835
57522699
59212298
49557697
60569095
65041410
65266263
57320460
77290568
77541874
77424968
66880341
60860935
70453670
56218808
94519346
65649409
66245462
66472022
53622972
68296872
70551376
70759589
61187335
59266484
52067346
55452942
64676611
56633528
58693472
55129956
57400247
97244462
99349633
100324139
53194599
86868369
87177275
87167461
62172508
49055937
56459874
61923334
62930266
74352118
74178038
72722680
57839286
57630220
57611020
64758531
59312990
60787122
73134413
71017296
60620722
58234805
63289946
60105736
68770045
69604177
57032034
58705418
55067236
47704258
50934548
53793212
52470973
55864675
51455934
51829267
61869147
51996520
55775076
50079082
67832233
60094643
58143499
61721948
53574759
55691449
50389269
53797904
73420706
74305185
57323020
69485991
53787238
130037167
143263817
120043793
51441855
60309683
61965574
58049206
59630004
62491226
60927495
60903602
60247816
56506808
61368668
67096660
67278848
54603024
54384997
61135282
47161540
54792890
56768354
56883981
55680782
61248349
55366756
58812085
61873841
65297409
70029564
68358312
66731861
55557049
59797684
60341257
53938277
65883222
51756307
-----------CASO 3-----------
59434590
59359497
60302429
53781691
72982520
68769619
52745319
53997157
53889211
57029474
53287611
52868199
50074816
52361746
117234197
98965634
51267775
54786064
159266356
61221895
49935296
63121412
59369738
143569736
74575265
74533878
59669684
59667550
126824371
62676400
62797146
51360361
54391397
58826591
52102334
61919494
70192550
53370385
58008246
110906312
53988624
57232993
55920569
56131768
48024685
54515130
67490047
71416655
60050270
60703922
52694119
56715874
69485564
60130910
60151816
71955534
69001298
149653142
61168989
61408348
61477895
75750303
75709770
63406852
51301481
56587021
67607380
69529084
72572067
65897302
84953918
59099658
59058697
62307334
49657537
61444614
66335488
48301591
55641955
59570271
63559599
56370702
87133755
65694636
72429561
54777956
55237476
54679823
61944240
64277678
146391706
107519862
108865568
204273658
123355149
61606747
64816984
58955444
58613685
53202705
58262538
58467339
107479756
84234559
93389107
53298279
55482383
54878650
59456351
64091651
53910118
59010485
58923018
58454539
64063918
63805358
60774322
63295066
63473839
63749038
63833945
59342004
57387446
65576023
65780822
65938262
66076502
69086632
69386577
64113411
74642678
60053683
62832560
63117573
65927596
66257409
60438110
65217196
65645996
98241581
94815452
97614809
97814915
55866809
49178817
64064771
62512560
56189795
50995561
107051809
74917024
74960544
79981978
71080016
71308282
65082371
51317694
58155872
229141466
229218693
229453787
142388724
77369500
77407900
54961850
47987565
59512671
59858697
59866376
120982459
95638918
95782278
65436077
50831295
58096993
64223491
62598746
59764403
55263076
58329952
58852618
58888458
155418255
60511069
61365682
56146701
89826018
89819192
55463609
55754169
48555885
52206867
121433872
121682618
121638244
121564858
121670244
121802510
59812190
59561737
50485269
52426599
53631078
61854214
52401426
48414658
62906372
60173576
61105415
64006745
55015183
57372514
52967186
50354709
61057628
56821687
52618172
49461696
52904039
51094975
63168772
51908201
53368679
54500197
57014114
72173561
79715312
83002347
58618378
48775191
54004837
51261801
218023401
249648321
91978123
93977907
50245909
53848678
60233736
64809304
54197691
54535611
65845249
67266474
68924498
53774438
114841453
118977981
100774698
100998697
53138705
50343616
54871396
55023716
53507772
57977952
53597798
57654540
130164313
109769246
193697032
193287006
52744039
50454549
58495498
66719062
60432990
63143172
56322061
51438014
53821797
51414974
64489731
59962804
58094005
53429692
84838291
70172923
109703540
98496727
59083444
56150542
56418488
65385303
59872777
63619758
54845796
46154181
60095070
68114259
57712566
61224028
55642382
57815392
60189789
59318111
52843026
113772228
118757395
112198683
89695886
108291701
53543184
83887679
80267844
69678417
71526735
66341035
70246311
70996390
162922885
133089537
94570546
52018707
50492096
52173587
55361636
54396090
49686550
49969002
60328457
74180171
53149372
58908085
58646111
58592778
141227339
103699921
51117588
56080568
54881636
55197369
60767922
61129735
63153839
63289519
50216895
68020819
86281276
90090978
116695317
116234945
118007742
59214858
311876721
65952769
63437145
65798316
143682803
139237795
175074762
175697269
74299638
74135798
75170891
63122266
67910314
77604594
61318321
61044829
71906468
77968967
54291557
57104141
56945847
53648998
47575405
51268628
49938282
64473091
88195727
55131236
61737307
50460095
51592894
53913958
118750568
125732959
57477473
56583607
60984242
77625501
56396301
63999492
105460345
105378852
62852613
62553520
59457204
63842052
60903175
50142229
95861210
101095977
198476545
90304738
90501858
59653897
62088027
69483004
-----------CASO 4-----------
67467007
54299237
47315140
77779953
64257625
58517259
64522584
150713407
58724618
48417218
54528357
126442505
125619039
61145095
63373146
55577529
133715028
66521941
66726741
56657421
59493897
57594806
57473207
49100311
59508831
140612513
115596225
205357391
202935634
59836937
59715764
59783177
63520772
47244740
59017311
56425741
55056996
51132521
53896891
59405150
66497195
52195347
52887826
56153101
56694114
153301563
147550531
149871594
60136456
147880770
147858157
50312469
53986064
61658375
63423919
63515226
68488872
64201731
71084282
61277788
57643020
65847809
65971969
65981783
64113411
50678548
60098056
62350853
60168030
59031392
59026697
59224671
166581973
169914662
170055036
170125863
72360441
72901454
72998734
72970573
52309693
59842484
61341788
61840561
196410202
185382589
157872011
156244280
63826265
54889743
52082280
60054537
60299442
60397576
60328456
60575496
57883232
50649108
50741268
50978922
50880362
50803135
51080895
55106916
57762059
62860720
62867546
107600076
107599649
107519436
107728929
57045260
60641202
51762707
59832670
56278115
56579341
64323331
74452385
81107096
81311042
60867335
61006855
53740304
53934438
54074810
54914063
54930703
97284996
116570305
115363265
86581223
90581218
95365852
95562971
98920407
47812632
55258809
52725692
52838759
62076934
59484938
51608681
49985216
55699556
169193170
169278503
169289597
169407357
169165437
53995024
66502742
66780928
53802598
55726862
65854636
65507330
54167398
58187019
61579014
56400568
53222331
60117683
60103176
64325038
77711687
48200899
51333908
163513818
59637257
97430062
62597467
72193187
156053560
105936504
106295757
106389624
128829276
128757595
73132707
73281186
50342762
103170001
103193895
103478054
103522854
52860946
53698491
59950003
63321946
106198904
106647331
106741624
118769768
98635821
54889317
65604610
56194061
56542221
56701368
65391703
65621676
54309050
57518859
65229570
51866387
52025533
57704886
51241748
53632785
53800465
178459505
89505165
86894395
91345803
75145291
73491106
100633897
53356305
98975873
50088042
56430435
54203664
88830179
55610809
48570391
65558102
52387773
54649103
56917687
54891877
52990652
52505959
54713103
52232893
56020408
58798431
88550713
84118933
61241521
52007187
47642392
55603982
48591725
52059240
50897001
55507556
55557049
55674808
49741590
57433526
51098388
48008472
59728137
64461570
50822762
51652200
52614759
54362384
57358433
52663826
51722174
52441959
59111177
65037570
221031824
221368037
221670116
225056565
138652409
118713448
140607393
60665095
58837258
65351169
65434796
65293569
53172412
49242391
61869574
58069259
55873635
56211981
57731766
58640138
53874277
53613158
51315988
56054115
57823499
61279495
61621681
61683974
51193535
55072782
46925167
57436939
58747658
66152022
65913942
65968982
85609704
75616757
83999466
65011543
52947559
49507350
51407721
58043659
52918118
55627875
67030527
52877159
52110440
53852091
53975397
54200677
106177571
97112622
54748944
57311500
60776883
60989362
118524861
119399100
116001558
109514527
59663284
74752331
54891023
86986982
53468091
58856032
59511391
68115967
48802924
59260511
57922060
62087174
62997252
52950546
49859776
57775286
56736354
53421159
57244087
66563328
54639717
54530064
55970488
59076618
62796293
59950430
226703070
227405363
126015839
120865126
119298407
65570049
56453048
58889738
103261734
103628241
103786960
161268700
57414326
54681530
52953959
54196410
139894434
86575249
109704819
117413396
141330592
78556913
79022405
86235196
53689104
76220489
62286000
62289413
123474189
57872139
58467765
58625632
77599900
53552998
52009320
53933157
50173376
61366962
58016779
68260179
267833257
48430444
65116930
58952458
51348841
53062332
52318653
-----------CASO 5-----------
105977464
57555553
57548726
62995119
61477894
61538481
144653895
147283864
62690479
63069359
66919595
65600342
56543927
106673784
101624190
101676243
60081844
128700422
128852315
156628706
156797666
66541995
66739114
66762155
52810599
56917687
72975693
65836716
61999280
54253584
59121844
61907121
68283219
58947338
61929307
62902959
64251651
55134223
80299844
82298775
55854009
59922697
61983494
62130267
63364185
67709353
66271916
67838633
101928403
68812285
65803009
55472995
63631278
85456104
80542617
80617283
72200441
61476615
61548294
61607601
63545519
57640033
56371982
59832670
60005897
65936129
72577614
72851960
72738893
54336358
52560572
56704354
52563986
91246817
227232990
232347862
232528342
80822936
122313657
116694891
124306615
60267870
57015821
56919820
63714905
62586800
66157142
70602576
78339313
62902107
126279945
127675143
126659678
257283084
54344037
60191496
60163336
60539655
123251895
120274619
117411690
125056266
122516323
123007416
125364319
120427793
57284620
65000023
71862948
71840335
71764389
72033188
84324586
84464106
53271398
116392811
116426518
112087323
105814478
112184177
138797476
117032383
233259648
236156284
239742413
239811533
239878093
232987009
240024866
240241186
54725050
52604093
58081206
59059977
62280454
62283440
63389359
60930055
52842599
65236824
66709248
54934969
59549790
59779764
59915016
59950857
118344382
118545341
118251369
118491155
118492435
214128366
214489325
107558262
56261475
56755554
57005580
56928354
56990647
56924941
57003020
62642693
79976004
99244247
143195550
143446003
143631603
143669577
156524599
143441736
78816753
57565793
72326308
77491954
67550633
188059066
190535862
173298125
77173234
69577298
77711688
69072125
60131336
82171202
81817496
81564482
100210218
93118174
99108139
94715186
72575907
59018591
68450472
186828988
60351496
53850811
50309056
62722053
54861156
62595333
57000034
57292300
120855312
53715558
64194477
53558972
99098753
59241311
61969840
62428506
48366445
53439505
56597261
49702336
50798868
63217839
63647065
62982746
51266921
56208568
58124726
66014636
72828920
64903597
63536559
61806428
61623815
52281533
53185639
56976567
63133359
52823399
57963872
58396085
57625953
134182228
53922064
50094016
51762707
56834914
54543290
55333475
55442275
54646117
58224139
60212829
52563560
61330268
61516721
61208241
60510216
63016453
112202523
63611226
65350743
65948502
66061569
65704023
65451863
58065419
53227452
57818806
139216035
135258707
123774989
123855628
121285818
98346967
51903081
70014631
54585530
54951183
70263377
71201615
69485564
70543696
54640997
46477594
53418598
124315574
94656305
83774186
85193278
109371167
53800038
54305637
62691760
62655919
123404642
127701597
136685052
137001638
222417208
225357365
82487361
78103794
56386488
50709269
54797583
56948408
52933479
61495815
53497532
54760889
54328677
55647929
55833529
59172191
59517791
51547667
75680330
74591051
54609851
58774538
60032350
58233098
58324832
58303499
51976040
53037159
75164917
55923555
66921301
73134413
72986360
58686645
84597225
91348790
58915338
63306585
71436709
56257634
67493887
62239067
111493404
111651271
120157713
61727068
73675425
121701391
122521016
104342906
52499986
55412836
124960266
97807235
91647030
91341537
91392310
93587934
65264556
65325997
58501045
65671169
66492075
56360888
54874383
61475335
57045260
60147549
59890270
62556079
58283872
55657315
48766231
61746694
84044266
92115936
66102528
66284715
65896449
54332944
59077044
61768028
66989568
75986676
53943825
55048889
56018701
182418114
182642540
62020188
58409739
61136562
58694752
55685049
51212308
54653370
57337100
56714594
63031812
63049306
50094869
51449960
55270329
55758009
58224565
50452416
52738492
52784146
-----------CASO 6-----------
55396195
94251399
73457399
79460591
79412805
80464110
94894812
71368442
62348721
70794149
58352139
57718113
60670215
75301023
66475008
73971532
62626053
99880406
382340204
382434924
442065354
240457079
240443852
157193612
57603339
60709469
53772731
54738277
69074685
73740279
73836278
84653545
64254212
65110103
108094155
106705783
106857676
106861943
106718156
106773197
60729522
56905314
62720773
61277362
62931546
75109450
75522037
75796810
75886836
62172080
67786154
67868073
68004606
149424022
149421889
149339542
53663078
123678135
60761522
60831922
59358645
62731866
62349573
72964174
64070744
52294333
80535790
80758937
56742328
50687508
65720236
66853035
58093152
150765460
151545833
65658796
51309588
60555869
58348299
61493681
58408031
52739773
54733156
64823810
64011438
203495846
209400905
76068596
74716491
62724187
59031817
64759810
65630636
76110410
80867309
95699078
83667946
116514411
118504382
125486772
125569546
58815071
52786705
60692829
61483015
164189230
164737069
164984536
178775665
274156022
56588301
56976994
59785310
84171839
96864729
90594017
93546547
67953833
59336030
58408885
65859756
111625244
115516012
115505346
130634073
133609216
134683988
134667348
67787433
51970494
63868079
67723007
64806317
67665407
55493902
63465732
63500292
53165585
53615291
61794481
135875666
74778358
73662199
71740495
74832544
49761216
54674276
55625316
58638432
63784451
126103305
115722519
203186087
59896243
58912778
57789367
61803014
55681636
58607712
57787233
64720557
56780301
58814645
63804079
57782539
55016463
50791188
58815071
71911162
93711667
93759027
56554168
60721842
60190642
139481422
125543092
61829895
50841962
142221898
144147016
127694770
74148599
55224250
54854756
61841414
57523553
56898914
58317152
58289419
53965157
53995451
54697317
59476404
113501294
124028001
123798028
124340321
49660950
392000779
60270002
78890139
56356621
50700735
56192782
55967075
56303288
56278542
110163059
109992392
49561536
58098699
53827771
65238103
60800349
64243544
54515557
58967392
61077255
56233741
51591187
54137104
139743394
140750753
96200837
98222808
58654219
60461149
62407600
64963757
54814223
59698270
46289007
71437135
209127412
205424377
199034198
69346471
69328978
70368337
53286759
114545347
55243449
60080563
60011016
231016237
219123773
231044398
103268135
103265575
108464074
105164239
105168505
55581369
55658596
58914058
51091561
111527111
60925362
84509759
84082239
52991505
57088353
55748195
54114917
65814529
71375268
61866161
59453790
59860404
60466696
63289092
72853667
57931446
157345078
120995258
128964101
129733807
129554181
110384072
126886664
454390458
53521852
53818385
70710096
59254111
59013897
61359708
53528678
48755564
69625511
69515431
69893030
69929724
71074469
51061268
53692091
54471183
51785747
54723770
59695710
54540303
57571767
59718324
54211344
46782660
127422557
129610927
119440061
83774186
86014184
85483837
90328631
52963346
61066162
62517680
64224771
55615075
54543717
61348188
56280675
56911287
53482172
55472995
66421248
52813159
52304999
54848357
55405155
133090390
64217945
67784020
65561516
65309356
50295402
65531223
89154019
84497812
75881289
155185294
156206306
155267215
77296115
66323969
68218366
53950650
50361962
165556694
163645231
165358295
58617525
61996293
68939858
58593205
56605368
120513979
101622483
59574964
68160766
66922581
70797990
53169426
92085216
59470431
69384444
65733889
60070750
62992986
62929840
49616150
99733206
54569317
53105852
58734431
59664564
67188394
69800870
142380191
64855384
64322051
67997353
57247927
57809846
56377954
56501687
93698867
50698601
57913953
68169299
68118526
69583271
100014379
98008621
71231055
47651779
52104893
56254648
56299448
56471821
144613788
192009568
-----------CASO 7-----------
63315119
81135256
126926771
127175944
122205284
130433113
132215724
139774968
76421876
53897318
58246752
59692297
65088770
63972611
60588722
55606542
52187667
53384039
59191818
55871502
63168773
63175172
63008773
63242159
140522061
70317990
80525977
80709017
80870297
80793496
80968429
80902296
66594048
57531233
65642583
63372719
59598431
60677469
81521389
81993708
59019871
83520320
73314893
63711065
49129323
59880030
63968771
60154803
101805097
54891876
56881847
60431283
60352776
54064571
58974645
60178696
64965464
71552336
66241621
66321408
68274259
67938046
70355963
57721953
91517750
64837890
181452568
181586114
181525528
181702594
66384129
68569939
60407816
59086005
60054109
68122367
68149673
68446206
68307966
68345939
51016894
48569964
123177655
50042816
119574887
119846246
119877819
120768699
60958642
59525897
53428412
54201104
54394811
58451552
58492938
56507661
111339378
103425148
89482552
55678223
60499976
58650805
60580615
62516400
63315546
69637885
72863053
64993196
65953623
83475520
54234384
63390639
64206851
87001916
116182465
66109356
53395985
63055279
63799812
58464352
57571766
56175715
64872877
83125227
75596704
56520461
129389915
56655288
58904671
59004511
136367612
68811005
111911537
56411661
79798938
126241545
126180106
126946824
92536628
86151996
56403554
58258272
53737744
65804716
65265837
55740089
51902226
52065213
56568247
54893583
64509784
66561621
95376945
70686629
51345855
52796946
99709739
72235001
58987018
93264521
50912788
67579647
67477247
56787981
57907126
52403560
356956983
326915848
59795124
61785094
61400668
60860936
48214552
103025362
103404668
59852724
60967176
59843336
70110204
68043006
53722811
52739346
53969851
53195879
54456676
1262480731
227092616
50249322
52874172
54246331
54359824
63029679
63405999
106031651
118409235
103768614
112065564
106240290
105910904
59072351
58883338
59352244
53957478
52331880
65421570
64575917
59242591
50057323
51366761
55693582
101479977
115596225
118208702
118140862
118293182
57718966
66672128
68011860
53253905
55726436
58138379
60690696
59359497
58963551
110972018
121424058
66448982
67389781
50304362
53425851
54971236
58414432
55296356
67922259
70565457
70706682
54853903
56681314
57080246
59002378
57881526
49003884
53957905
54787343
59503284
49538923
59896243
60752136
62260827
54589797
58914057
61598214
72162467
59158538
71799375
66006102
74796278
58486112
57790219
63437146
63456772
236014631
206933922
206953975
49474070
60479922
65227010
53968145
56224355
55791289
56882274
56946700
50238655
60066057
59189258
49498817
49279937
68539646
68579326
68648872
58059019
55068089
58079925
50400789
58523659
68543912
56881420
53610171
55423502
121114725
51152148
65619542
65812396
56449207
67530580
75599690
77929287
76240116
47208473
47827139
52754280
107180236
83056108
57771873
63479812
65535490
121430032
83295040
54400784
57079394
57161313
113710361
114513774
115388439
60787975
64899757
56190221
57349900
58904671
98381954
98286808
103074002
134268414
134354601
81848215
105391225
109610100
56937740
53661372
56083555
53757371
58728458
58619232
54776250
55210596
51034815
50953321
110953244
87253648
94600838
94860252
50682388
136483238
275666847
257818123
150303381
53731771
63478959
124581388
121128805
94526599
53059345
60345950
54848356
124273334
130336259
56617314
64374958
61245362
64931757
65209517
137366864
58160992
58863285
82910614
83241707
67407274
55836089
59385097
83335146
53427985
56294755
49465536
53436518
56984674
130401540
127453277
114093934
55563449
56421474
51626600
56477368
55897529
91048843
90157111
89624205
48666391
61801308
56454328
56557581
57012408
132673537
117586623
121937764
60617309
61900294
126571358
128121862
126919090
59272457
-----------CASO 8-----------
66171648
63633839
58795018
148210157
60120244
63358639
128272903
139898701
58678538
56670220
56449208
65314903
134696788
105524345
73320440
73448013
56630114
53418171
61811975
57526113
76408222
57629793
51658600
57121207
51155134
71333029
66611541
56855820
110814151
110942578
62128987
69507325
63308293
55088997
64444505
61112241
61347762
77938247
52376253
61995014
65451436
127975516
126639625
126609332
59528031
64517891
57089634
61467228
50896575
55022436
111757937
89901538
59958110
68212819
52185534
61465521
71500282
63816025
63435439
123655948
69030738
58899552
73574732
67718740
67702527
123921335
69425831
59885150
63555759
70225830
70635856
60697095
77563634
56011448
86092689
86254823
61869574
67636820
67760553
161578033
196508761
55655609
59813044
79035633
108815221
110482205
190950156
96425263
100497365
54675130
58698591
74538571
66101248
62444294
60186376
59457631
73286307
53835024
198586199
198666839
194922844
194731697
113001668
74407585
74394785
55312996
96749103
96887770
121298618
121681764
121863951
96392837
96536623
62458800
52202600
61305521
52498279
57169420
58635018
70056017
70273616
55730275
74164812
191105889
67862526
57925899
53408358
63753305
53355452
52852839
59716617
50513428
54135397
55203769
53055079
61068295
54736570
64342531
75571103
56893794
59539124
69445458
65935702
56351501
536200700
63447812
52713746
53582438
53812838
68251646
68320339
68296446
68528126
131213912
65208237
55676088
55489209
49975830
52058814
60822536
67586900
59183711
63915012
64432984
72854094
165118082
140090701
157059639
133513216
140880033
56559715
58303498
56363022
126714291
159320543
159697289
159952862
159443422
160801074
81300376
89989858
51005801
77850353
76637342
78181447
70679377
71034789
72329294
80311790
67961513
67081727
58786911
61230429
69330685
71933775
52600680
52059667
60313097
60326750
66811648
68905725
56648888
56659980
169718396
54911077
63736665
64044292
53919504
48614765
51348414
119479314
57651126
48796951
49713856
60543922
47195246
55129103
55077476
54873956
130653273
117726569
47980312
53591398
50175936
56608780
60098483
55199076
67102634
69259858
54631183
60932188
52734652
58539872
55682062
50146496
94265053
94186546
94268466
232293250
387621050
382059458
295378822
85156584
262911663
269364562
269784402
439034744
414561602
424598923
85254718
86631569
71014309
71405135
71794255
62766426
59395338
60402269
65150210
62569733
58998964
140107767
138066169
137518330
141265739
141345526
141514486
128577968
57321740
57942539
61419014
56884407
58367925
55360356
67901780
68925778
100587818
53515879
53563664
95082545
97018329
99048407
99001474
101892990
57411766
66160982
69002578
57573899
59507124
60714589
64163331
57921632
58560779
105871225
108496928
108325408
52388627
54099985
76793501
59094965
51057428
52613053
61767174
62108934
63192665
63823705
63625305
54910223
52463720
68208980
53203559
56528568
63722159
62461786
74026572
74131958
59594164
49567936
122761230
119466087
199236012
200143104
201324116
201493075
85072532
104319013
57867873
61501788
52963772
58199819
57891766
58480992
60182536
66627755
66900821
63678212
58857738
56889954
58537312
61030749
63700825
56980407
52150547
76918941
88175673
61558108
76543902
68206846
68514899
56062222
62950319
48193645
71051856
64462851
65207810
71083855
68137300
118866621
95257051
95329158
55431182
63557039
56526861
60262323
61298695
328346886
309408457
283223531
72517880
79410671
73161293
60020830
49925056
67795967
58049632
65768449
76958195
51842067
55490916
55635129
67097940
87344528
55652195
57925046
57864886
61086642
52125373
59359497
60224349
51883453
59209311
55901368
54017638
124667574
96498224
87704635
119145234
50393109
48272152
53014545
53710011
-----------CASO 9-----------
59106485
57373366
58757898
50212202
54582970
60587016
60738909
48437272
62571440
64861357
76464542
76773448
138940409
139220729
153221350
129747034
48178712
49318764
61958320
73382733
78589340
104662052
51261375
63435012
57927606
77109661
81837549
79902191
65363116
54434490
54668303
50733588
61341361
79398725
79878724
53494545
81621229
81762028
50624361
65702316
56194061
52502546
69174951
71189242
71624015
76655262
63236612
62335493
58353846
99935872
61350321
66806528
67057407
65512023
50541589
51527187
56520888
75458463
119952060
120306619
128763142
120188859
52905319
54047077
56943714
68078846
51004948
116398784
117128810
123218189
108861727
53678011
56294754
47216153
120161553
84934291
84957331
85258984
85036692
64622424
65447596
83681600
50115776
68845992
63536132
68738045
69126311
69251324
51277161
60718003
74733558
106692130
106768077
113136921
113364761
70711376
49193750
62430640
61333255
58488245
57432247
60616883
60936882
60156510
60321203
95992198
293145652
285393981
163467737
38140111
170966394
66183169
68065193
50033002
54002277
88420580
73176226
67108607
63055706
60723123
74487371
148416237
109864820
68196606
70247163
70351696
70341457
61948507
55937635
56945847
75997343
66157142
58321419
58336352
59422643
57887073
63950425
67311274
61681415
65507329
65365676
67280128
65759489
65956609
88955193
57107127
59678217
55558328
57536353
57696352
60726536
61608028
61094748
52876306
54787770
55551929
81907095
83451627
83567680
83584319
83816426
55505849
83674772
83705493
53266705
65481730
71699535
52416786
64122371
64428291
142323444
56381368
51302761
54987876
58841098
50892308
51531028
55303183
142115658
54584677
62835973
148421357
92263562
92979507
89802552
87306555
52303719
61604614
119241660
50220309
57978379
62580400
65264983
56660408
53104572
55009636
126057225
91803616
96353157
191841461
54111931
58506165
151263806
106346530
60976135
65654102
68740178
68799486
73901986
54052624
126702345
182526486
73004707
78750619
78518513
78377286
78531313
156359053
59080031
61195015
57122914
50068416
53648145
52344680
54227984
55402169
88188900
51475987
62797146
63338585
57787659
59050164
55906916
46986607
60181683
51321961
58296245
53384892
59099231
58441739
55602702
67871060
56220515
56260622
74076492
59840350
71769935
56926648
57670753
58213899
62341041
49695936
54837263
54896143
48176578
56821687
111704604
61207388
65498796
55623609
55723448
55960675
57838006
53908411
49171564
67289941
67068075
57133580
135182333
60209416
64995330
64451331
51417108
54806970
66424235
50363242
53874704
106065785
111565511
106367864
49834602
47517379
70888869
98211714
100528938
118174995
111164871
110628978
111460977
55898382
53244946
53793638
52307986
57733473
65641729
78836379
74661878
479281733
428226438
34005290
77693767
52926652
60057096
71307856
59647924
70722469
78545393
61807707
64844290
61623814
75611210
75494730
61840134
58642272
53609318
56847287
60294749
60494856
72495268
67329621
63527172
76089076
98530008
98969047
66045782
65618263
52739346
67465727
65388290
49728790
51865107
63878745
63678638
73587106
59109897
51825427
68521299
62261680
76065610
66330368
66460501
52445800
125639946
128025009
128544262
135612840
135565053
59542964
61801307
54653797
63796398
54722063
54994276
63809625
53192465
55909049
61638321
118650729
55747342
55844621
56587447
68348072
56069901
53548305
66818047
60881842
58825311
60131336
56828940
60405683
52117266
66962261
70730150
52138600
58226273
58312458
59013044
54028304
57619126
52164627
137323771
53825211
62338907
62727173
62394800
57183073
54733584
53771025
77412167
83755840
89218446
89967671
89098553
56499981
53412625
57050380
88688953
62838533
104121467
104359973
-----------CASO 10-----------
60023390
61243655
50791615
77701447
77997127
54377316
54725903
58482272
73660493
72185081
57244087
57440780
59367177
139245475
145340828
155183161
54731024
54761317
55943608
55955982
56105315
61641735
49967296
65096023
60639069
52691133
51324947
51587348
56391608
50751082
72732494
72965454
49092203
55745635
59023285
51886013
62585520
58183179
62875226
55668409
51049321
51536574
59829683
71576229
55433316
64059225
64863490
101197950
94079453
94152840
109281994
104833573
104948772
55494756
56061368
56220088
86675516
67582207
68459006
55184143
51671827
62064561
56708194
56970167
56926647
56892088
57094753
62835547
54412731
91676896
88714553
88583567
95503237
88878819
86752316
88945806
71108176
54966543
52010600
54601317
54173371
69814951
66349568
62203654
53158332
48299458
71064229
53463399
50397375
54351717
54386704
57061900
60112563
54493370
60975282
69263698
110958365
115413185
111142685
111062898
58795871
54747663
57037580
62288561
53347345
59617204
59779337
62051334
142849950
180817689
51440574
63608665
56427447
60555443
61889201
61935281
62894000
74028278
151527913
126577331
230368558
121529018
139754914
143999389
58018912
59062111
53968144
57851659
58350432
51810493
50465642
57218914
71659001
58489525
62351281
62285147
78612806
75376970
51971347
54610704
58886324
63922265
53301265
57505207
54699877
68209406
68234579
59254111
72425294
96063024
82080749
82864960
53718545
58677258
58663605
62015494
52889959
52993639
53903717
52893372
50838975
51952573
52030653
58818058
50862868
52523879
55890702
57476193
61668614
70298790
51734973
51553214
114327320
111019804
157127479
157296865
157338679
51917587
52969745
60798215
51381268
51248147
60592136
62204507
62224987
60570803
62079921
56112995
78757873
107568929
98704514
94489052
101804669
60236722
64271277
56757260
93536307
78705392
85597331
86308583
86852582
87554021
58453686
58358112
289447310
54847930
53161318
59563018
59679071
59070645
59258377
59123551
62712240
53595238
55956408
62642693
56816994
55389795
54703717
60098910
55899235
51388948
54113637
57961739
58222005
68919805
78615366
71083855
81295255
57536353
58369632
58262112
58250165
53364411
53789371
48764951
49603350
50958441
50645695
53797904
60299442
77677554
61047389
57461687
58938804
55671823
52834066
58637578
130439513
128927835
136432892
56030648
56338274
48920684
77222302
56416354
73157453
58820191
60232456
60334430
60192776
48854124
56989794
66821461
53349905
66745515
56818700
56642060
61363121
72662520
55915875
69716817
61967707
60112563
59791711
72333988
66999807
50454549
52063506
55927395
59093258
55469582
126322185
131565484
113909614
48862658
54605156
57073420
55151290
53787237
52291347
57906699
54498064
55463609
56786274
51565161
57590540
54652943
53680998
55377850
52933905
61119922
75638943
65733035
55274596
62405894
57357154
54402917
61368242
53078118
55146596
97425796
53083666
52459880
65660502
50741269
50762175
55376996
59221684
50879508
57355447
55619343
56357048
56954808
50356843
54416997
60044296
48148845
62903387
64643757
64718851
64664664
52945425
101529470
49064044
49589270
103354748
99847126
103796347
96841689
57573046
62952880
51696574
52027666
64396718
54497637
54353424
56211982
54243344
48337431
53361852
51539134
73065720
75789129
54505744
54115771
60536242
52516626
81591789
82970774
83023681
82963094
52060520
57802592
56710754
64424024
97389955
97587928
97496621
97561048
143132830
148160664
148353090
56963340
54583397
54768570
60990216
66845355
72853667
73613986
73388279
51016468
234018687
245481499
245379526
245417073
55407289
47001113
49745856
52601106
59667977
57914380
65127170
64878850
48434712
55877902
55694009
123439202
48547351
54758756
