-----------CASO 1-----------
100333099
128068956
148770369
149774315
152075325
195037617
199826091
200193878
202097235
178162119
134536361
141075873
143665736
107537783
116571584
116560917
116908651
132838230
139012942
136833105
144135922
119979367
119164007
120716646
120857445
156827532
205595044
292745012
302401320
222316088
170633594
170786768
172747299
125612212
195234736
213271621
198318680
191659702
111948657
112535323
128596315
109251700
114695960
113856281
134122495
117134357
250967999
254779834
286068114
108007115
239105400
232504449
244265074
226155231
122081123
120650938
175200202
116085185
108627914
126649438
126915678
130858499
112616816
121107472
130551727
132185004
176178974
194256818
191077302
194096818
127241224
229815172
122264590
114401133
202108754
200207957
200193024
204133712
203212113
204603045
211431836
213986713
153341670
168013865
169875409
106678050
138213796
136552785
136776785
163637124
136788731
107802316
188073572
146001306
240536866
240682358
240706678
240898252
154090469
191270156
160000222
168324904
112872389
113062682
106651597
111961030
211176690
161713713
163824857
123714829
103137148
107460555
104437199
108335222
108800288
182952726
201155582
150780394
119689233
114868759
114989079
115009559
113716761
242220490
241436704
111774577
107548876
105106212
119763900
118292755
118217235
118579901
123669602
112659909
231801730
216919616
106548770
113358788
195972443
187027814
180765635
106134904
106596130
186494908
117205184
121949711
113073775
173027619
155868814
156462733
108553248
112438897
183531285
104625786
116384705
108910367
136347132
135642280
109788873
115015959
113107482
128726022
171942180
172207993
118422461
119468220
156760973
156576226
115674305
209056159
131477165
117692863
137796517
127676423
135771559
142310644
117554196
114585027
112562203
111274951
133977002
117123691
179065798
199857238
199685291
183173312
166985173
167018880
129273435
129649328
186552081
110550899
114778307
116327104
104259279
117680916
145467120
172373540
177259293
103944400
110181832
96634757
117150570
104182480
112073670
116328811
101828563
156689719
158308917
211259037
152016872
158847797
170302929
192437087
152447805
173256311
143188297
147888024
143847922
132033964
124361227
132995243
109743646
100079232
104296400
107067597
104411173
149918955
185160297
163528751
100970110
101931817
164762243
164745603
164854403
179052144
106814157
114324760
100859605
118863208
219310226
225344991
225596298
147655917
154291429
275205621
275462901
229150854
120294673
126133172
137522171
111192605
114835480
150365674
171005648
120851898
115388865
116611264
141518326
132266924
130652846
169125331
155108921
144065095
140007928
147296665
166293547
146360559
138203557
118167315
119456274
139997261
115328279
131458818
195628123
223640887
221739663
122335844
142725364
145080134
144698268
145031494
181118915
173768311
184286911
130035034
131758765
131780952
131749378
132210177
123709282
159149450
160913714
157732492
159797555
143883763
136999931
134638761
110788125
103357308
117372437
139951181
163276591
174256844
174219297
174698017
109724873
121249552
121508538
140504140
106813303
113136495
139012089
154498362
150872553
106354211
104121040
111978524
114429720
113907054
127871836
132046765
132046765
123360269
118335849
108609568
123345762
123682402
114465560
110470685
112636443
166340053
167448959
118346515
121359204
195350790
154677988
159863262
160297608
110328605
117105344
109092554
108791755
108822047
108818635
107433249
107568502
142846110
143728456
113031109
140571127
139176782
143025310
115833878
146756078
119628647
110907592
144335175
338598393
338565540
338379087
338260047
345132785
323083534
349178433
120335206
182582806
170724475
174501323
183850858
176395294
171331621
248778775
182023020
225268192
231890476
232279170
238446628
232445142
239009827
259948467
121917284
181864301
188788665
188881679
193379166
188354746
188867598
270745681
260509960
103403388
109252553
101586217
117217129
118084969
117089131
106932343
106664397
108954741
109619486
-----------CASO 2-----------
108219595
146908398
152520764
164810882
133812735
133610496
131514285
118557288
112206363
112530629
117521770
120061286
120155153
120030993
123478882
108625355
109060128
169844263
170221862
218706494
176452467
196994308
141895498
109052020
115192599
117388223
110687858
120467473
134050815
125284107
200563797
623354509
173713271
196463108
196293296
170210343
168963197
177692786
109387380
109586206
108996981
236274044
237049297
239095160
258663776
258850229
258678709
178315718
186372455
126660105
130387460
121849444
126821384
132395778
132574550
135305213
135277054
103667921
109194527
108247329
111570630
109568714
108342475
105750478
112356976
114024814
115583425
107805729
107022796
113147161
117836223
100371498
105033252
178106652
185943228
170764154
170883621
170866555
170773115
171002661
172520313
200185770
198845186
152650044
241686730
243130995
247884482
244687047
237312976
116638570
120281020
101044351
107420876
105428771
115347905
158763317
149296876
152853991
178701851
114841026
102844455
102481362
107289036
183519765
183391765
185226430
157791372
125891252
141307980
142908831
142842697
109638260
116251585
125339999
133724415
137482918
107040716
111208817
111235271
103028775
104320719
102652455
114961347
116710677
104550266
134300841
134515454
145366427
147967810
153153937
162470191
118755688
120339046
135402067
135603026
134149802
137285797
137274704
119640167
109366900
154041830
118800061
131106392
138956622
119251901
125165920
124076215
110503966
196411908
192352180
196064176
117292223
123514722
173162019
174948470
448230253
112902255
191773621
191820128
129240155
129886980
142372512
214691565
190818316
190848182
154325136
154449722
136542971
134499242
130573486
142825204
123393548
124579680
172765218
173342071
116132118
144556188
131707565
143251443
140970912
142728777
113629721
136398332
161014407
167478825
168170879
168426878
108763168
109483806
120650086
119439634
120637286
141798645
139868408
114062788
114655427
114823533
182535020
166078507
134803881
131417005
135762600
115213506
137831504
129636528
134074708
153583163
157005026
116502464
122622137
122670776
120170939
192190900
195951963
108412874
109914312
113722734
144612935
146386159
146743706
163864110
130227460
107908555
108612128
106804343
111675164
122515897
126712584
197163267
205302777
102860668
99596246
101603284
149899328
142677577
159022303
159690888
113892974
110426738
108791328
108892020
188118799
189805410
176684574
183677632
120319419
104991866
107533943
112778096
114853400
116706837
108008395
110248819
114227481
101837949
141369419
134462548
153979963
154996708
115811265
117430463
107042850
111897884
113786307
111563377
113866521
122971576
103950801
121814457
116094998
116858304
116673131
117024277
152836497
153101458
166890880
151980178
123786081
124114615
124095841
125239306
173322018
174927562
174942496
175194229
116663744
116661184
126471945
133933482
155669987
185365950
196532655
188836878
111723803
112453403
112337349
112592923
127236957
123894455
131998978
121878030
108947487
108932554
121224805
108775541
230339119
237340283
235698472
242336544
169613863
173953484
173990177
174093004
113656175
114623854
115639746
122363577
141818272
136153852
138830329
154009403
151386686
114077720
114293187
109898099
115929452
125009760
119187901
129271301
143791603
124274614
124175201
137018278
189730744
154686522
194761564
197004121
127437917
114784280
113048175
123638455
104562639
116791744
113069082
125009333
114872599
116973930
113207322
114798787
126153226
120704272
137472250
110235592
111785670
116801984
110271433
116214464
164538669
164802776
190583223
201940222
107843702
108313462
106063651
109448393
134425855
135530493
120361232
114581187
105051172
108199542
120557072
120148326
100736725
102547069
193823325
202052434
203539366
229206320
227035443
216654230
105147172
100046379
103292881
108799861
110032926
108514421
119630353
115613719
135411880
149360876
119667900
124688907
130327726
119662354
131961858
131963138
108769994
119565927
113873774
-----------CASO 3-----------
134439081
130433113
112734149
124149174
136038653
117631422
112088603
119952913
119027048
119450727
108608714
116080918
108609995
110215966
105925837
110879005
149098049
156805346
172839886
221426917
184464831
223594381
176161481
110033353
209773385
188031332
536958886
197249028
146626799
173327991
173634765
119891046
102334589
110507379
116753771
119473768
107674742
116352278
113624175
97802968
175105056
161099741
131098712
139518115
174378444
111168711
113249561
135978919
124307895
128719195
123008696
132644950
115402092
111245938
116980757
165694935
174474017
196391855
236390097
236673404
236662737
222980408
238703908
109405299
126753117
115755799
128412849
128463196
128411569
126640478
136031399
139886327
142189898
131711405
114082414
118303849
113370308
120179046
120422246
118931901
116979477
118482195
115193879
121103205
126193758
142788511
127017224
121485925
129488474
111725510
113535001
149591275
162328539
136315986
225254965
206377549
207418188
139702862
150359701
117098517
120502033
111850097
122705337
112484549
113776921
116104385
113555055
109924979
118564541
119896166
125826399
124810933
125417226
143695176
119348327
111542044
114587160
114604654
122503950
121355791
121354084
158990729
103554854
146106267
136385105
149241836
139258701
149395009
149134316
190820876
179856410
137371985
137384784
138304676
139281315
112621509
133224363
132859990
128409009
136057853
124865547
140024995
119635900
168132051
148749890
96260997
98626007
120279313
122856376
118828648
205310883
206109603
205331791
180930755
182362220
160151689
151609406
123407628
139561635
135638867
134466388
186323388
297381166
276696392
308037152
113398042
114566254
107641036
108905674
141232459
117717609
118033769
143385843
119579154
108134262
138077690
139598328
147795437
119847527
110960071
118943421
108510581
112502043
286483687
293079945
253783568
159557769
172009167
155560335
155619641
110147272
111522417
206399310
168378238
177444040
169589543
209059572
169421863
146784666
156575373
116910784
118288915
122242404
126512051
101377577
175492895
122093497
106334158
98057688
118864061
114655426
118838035
119862460
111103857
126552585
127014664
111501084
112667589
115409346
117184276
110702791
121315685
120389819
120627472
126180532
119945233
134111401
108838687
174406603
99458006
117191103
110495859
118216383
120484539
277298419
321776228
341913163
312543599
104565200
106456611
102673362
99503233
117843903
126623838
103890641
120891152
139696461
139714808
163836377
171482661
220262972
158615690
163659737
159732275
118835902
110744605
116905237
114937879
107575755
107751116
181461527
186949734
256259085
102945575
98684034
106150265
111417031
114379373
123951202
129412101
111522417
106954530
102502695
118292328
117076757
120650939
114369560
132302764
111227164
189373624
208748960
157539639
157719265
157558412
118334142
118374675
103535227
110660125
122440376
110096072
118614461
121573391
135423400
123498509
126817971
115494679
131032579
111329564
134990760
118021396
102645202
105679225
183988245
173216632
148978582
149154796
153150524
155646521
157915105
155647801
131264259
105175758
149932181
105099812
116537024
119436220
122501817
121325924
106006478
109252126
114745026
235619965
299723137
284255636
289355150
289696909
161041287
204139259
185368083
144838642
118170302
118219795
119423420
119382460
119455847
120872378
120510565
115563799
138925475
139099129
138416890
139204942
143786482
145393734
178080626
128024583
132637270
147788611
149937301
154596068
161634353
162049073
305578276
306166221
147257838
128056583
149316929
151452819
125871625
126250505
194118579
194391218
142772723
143291549
115757505
117886996
125870346
123544162
110546205
114915693
112368070
172346233
181620674
190319543
162852058
176947827
104306640
108817354
157565238
110011166
111056071
111056071
116103958
118666088
130747993
129416794
185331816
111983216
115060333
122939576
95871877
120071100
116036545
126197172
157728225
212997274
212193861
215087511
215217218
215065752
-----------CASO 4-----------
118812861
117896383
122613603
119739153
125047306
115622679
123667895
132537004
161298567
210813597
113301188
107172983
109294793
187038054
191257355
158957023
167972052
248125976
249698668
165890347
167604265
123559948
123562935
105173199
117934783
120884752
146347333
177127454
179763396
336008957
333414400
312200134
269115816
99772033
107935008
107598369
108502901
118928488
117456917
120652646
113932654
136103932
118553448
117013610
125469279
109265353
116609557
118826087
193810952
186329361
195723269
212111942
209069812
212555248
216833429
217953855
211514609
138049103
138230436
109511113
127579997
130211247
130127193
131630765
108932127
124248161
124493068
128830555
129237595
113167216
113302041
113382681
118319209
168315518
194278578
194020445
315697942
315893356
316006422
315907009
248493335
137840464
140100088
138163450
109483380
121732111
154162149
119562087
218229054
111454150
116951316
117082303
111716550
115046679
117127104
116931264
117332756
219630652
211758235
211814982
212065008
211763782
222731662
241968330
161178674
123742135
131918338
141643765
125511946
127047517
125629279
156381240
144301469
197212761
203009447
202184275
202162515
202418087
202348541
202242301
202435580
201693608
206085710
152909884
153203004
189310905
185663762
153103164
100173099
120045072
121739364
169459836
169664209
169725649
179024837
183978858
205361231
113014042
106203598
110835911
111008285
110329459
109278580
117445396
118731795
142567924
155559054
142688671
142639604
155721614
237990522
239925879
243058036
105822584
106069624
108436767
110431432
137271717
141200459
144652188
136408146
170247889
155869667
167905491
130055086
125701813
151541992
151685352
127763036
213640687
218450067
225411552
120395793
130663086
282417132
280150681
271404879
207957494
208047094
184794644
184928617
123574882
196980228
161654833
160968754
196435802
154889189
97563609
109621193
115770731
183947285
191140449
183916564
191688714
198377559
210057971
211259890
115932011
148140611
148698263
121386511
121524325
125755145
124639414
128621915
103309521
106359330
104383440
112214470
114111427
112473456
114158361
266881365
123461815
126098185
139816354
144230642
155774093
181802434
591704843
189860877
105311865
112139376
113276015
123917068
137599824
117037503
112039536
106929356
106517197
105440718
114623853
108252448
96625370
104030160
109745353
103643174
120876218
123062030
154348602
146388293
109683486
165395842
199952385
204410619
112414576
112521243
112531055
112689776
103842001
103444774
101565737
106848717
108753781
107536503
108586954
108866420
98669527
104554106
99683713
108995701
110019699
102565415
109156554
112746095
179385370
166677973
156388067
176877000
283892117
286074087
257036471
370388432
143230963
143290270
143177204
143037257
140154701
140761420
111887644
117613929
180484036
179944303
177334813
181109528
191242422
164144430
113385668
114131054
130108420
125900638
130122500
130412207
117824276
120167526
115363692
115636332
127032157
128046769
128278449
127373917
128327942
141138166
137716731
142480885
111652978
111817671
107557409
118458728
102943015
104167974
116498198
106385357
106497144
107334263
109415966
109421086
123836428
113958681
175343136
176529267
117409983
113726574
116528918
108784927
107871435
110360179
168757117
169112530
122439096
114703214
104310480
144003229
144242588
145445361
141913418
146890479
136931238
156101346
182798699
114812440
120828005
124461068
109742366
106571384
105067812
136143186
142262431
114672493
140643660
127466077
123791201
130371673
174866976
184910696
277609031
286899686
351532776
347691929
358415754
358477195
236029138
237831802
205480697
171817593
278627484
271434319
271767545
272037625
190591329
364165934
329530031
241961077
264486061
260916572
260065800
266916352
140928246
126323465
143799709
144144029
138136143
225100512
224342753
224548406
186112615
111169991
122275257
122562829
110721138
111729777
117929662
113538841
125834079
324552545
334213546
281941826
313561626
329942191
367629182
-----------CASO 5-----------
113449242
165487575
163779630
139579981
138147663
111873136
122489870
127513010
207078561
140865100
140241314
145790533
155169508
117981290
130779139
129227355
153677457
126899037
127015091
143897842
143544563
223072994
223153634
222292622
120491365
103810854
109859699
137438545
132571563
150527380
145115548
147816344
119397394
191281675
214315672
172167460
177305373
113624175
120977338
121035365
111444337
154052069
138485156
154400229
148919702
128184582
128254129
133989376
130269700
125251253
128452102
106941303
109026847
122459150
125263200
125188533
133954389
115913238
121874617
122228324
100803284
119811260
130706180
121580218
131989591
190002531
190737676
179139611
183054272
149986368
147826157
152890685
152147006
250200853
329164805
341300043
327189341
346775022
334196052
334130772
341567136
204402938
119727634
122826509
129632260
115800172
110877298
115965291
115198572
115580012
148827542
145040881
145257628
199486037
402164818
402509138
399950848
323320759
131070552
139388835
124643254
141825952
183207872
183222806
183309845
139986167
136763985
111737030
133658709
111290738
137214971
133068203
110730524
118561982
103106428
115824919
137494437
140704247
137669370
142268831
142135285
148726850
196381615
223058914
227113096
195827803
232369196
232242477
230180398
244205767
123702882
134319188
128003249
134312361
122139577
126270985
124045495
125378400
128843782
123427255
129491034
111548017
110955805
110863645
107348343
121497872
269699495
278694043
260801800
275485941
260849586
260873906
262252891
323042573
168807037
173051938
176686707
176942707
176797640
176805321
179822276
164062510
213400046
226449630
255954019
262031024
266236246
265984513
266205099
266173099
202006355
210269598
173735031
169400103
133406976
146504346
146513732
167421226
133748735
184801470
196347055
205332644
163354245
150565781
150964287
150396394
199405398
192342794
170900688
175844041
158213344
166499627
159789449
170765435
237098790
103435814
116857877
118828222
99782272
105204345
114920813
110121672
116730731
176892787
106000505
110938738
151036820
149339116
109337034
125292639
145768773
136420092
176317214
109852446
110093513
112724762
112676976
113244441
104916346
160406835
141866058
154557242
155088868
128617222
130216367
138259450
138263290
119277928
102429309
118509928
118823954
100528084
103865467
115219479
112008817
124209761
191372555
109501726
107097890
111061617
108497782
109379700
108625354
130203140
172574499
144198215
146069146
182811926
179667397
146693786
174510283
109825139
97811075
152130366
181766594
155972067
182037527
172087247
176754974
228192135
148907756
129432155
125741919
120793872
113553775
132032684
117121556
128399623
101989417
122537230
109513247
106286797
126648584
127173811
127088904
125388213
115951639
104073680
107585142
109181300
111119218
114785560
109247860
187228347
212865435
206550349
128140210
128132103
136047613
139165262
143418696
143033843
247643417
250367679
289620109
294648370
145523014
147980184
148451650
153578470
120950459
122804323
108903541
132081751
117365609
117785876
112809242
115001453
106381944
105641252
111840710
114470254
100072405
126724104
122039311
127048798
132163671
123885495
103315921
108933407
104865572
169345917
161730780
161357447
163132805
148816876
111839430
116474304
122719842
128925702
123783948
136768252
137028944
121250405
115098306
115175106
181351448
218323347
218641214
187076881
185611283
206876749
179491610
183868778
185059603
247568750
230383918
247231257
222348942
212030022
206521762
207555574
119741287
123192589
131876951
126696372
132670123
141348939
121318671
121592164
106173731
108311328
129691141
105034959
121512804
117894676
114478360
116958570
118049983
118004329
118377661
101529470
101654483
112836975
108737141
124489654
114124227
114519746
121263631
107222050
106997623
228500187
216107670
196745988
96295984
100746111
104871972
109818740
111558684
103033895
111695217
118391741
104115920
110525298
116332225
108284448
113551641
108797300
109846046
108753781
-----------CASO 6-----------
145368560
135860306
151716073
151735273
146663493
139802275
139799715
165559255
146550853
118793235
114455747
119684114
112837402
121019152
129576794
136720892
119519421
108595061
190663436
185970962
185960722
447649560
450316224
544072264
242544756
145931333
130526553
135615400
121692858
121380538
123565495
123522828
122723256
167727572
331485443
316558101
319609618
325526197
325518516
312533360
271124133
129468848
221692303
216209217
207900321
207925493
208402080
198346840
124117175
126178399
200544170
198671959
182051607
225397045
225479391
225484085
222517049
203205713
164635523
164636376
119714406
111719110
121997071
120202086
123422136
124484961
121494885
108697888
138369529
129632261
128694022
134825214
114600387
121456911
123016802
213474287
197920174
113558041
122305123
124372747
115951211
117708649
145521734
113562308
114547480
121626724
129567408
290483255
275072075
155193401
155160122
155134095
152341992
123665761
112354416
149596822
135425960
249081281
250736745
207527414
212512581
185487122
133538815
149641621
139597901
175877748
174022604
174175777
183251392
316505622
490222306
423117112
456054030
116226412
123431949
137572944
127486130
157813985
169253330
148263490
142406217
241370144
237261350
238341242
180359876
176274121
180359023
180193476
260118281
108643701
114669933
115620546
122671629
111719964
118840168
117799529
114911426
173617697
171382394
178432625
113477402
212385008
178518385
178381425
180378649
130708313
128696582
133623722
133605375
106701517
105640824
102682322
118109289
181452141
184373524
116477291
108695327
129495301
180412356
191478795
198313559
114685720
113668548
114660120
111670470
123662349
114559853
109661300
110686578
126567091
126579038
184538218
181566915
164585603
126047412
122661817
183471979
107832182
117195370
119169554
123679415
179058117
154165990
154565349
169431250
125718879
135597479
109852873
107397836
133263190
130342660
108648394
131350445
111812550
212155036
144403442
175561588
187555600
177112520
100462378
118915261
122909283
157616011
157978678
151777939
158134838
153209830
156292920
176213962
248145176
237351803
238371535
151723752
187340134
188318479
107771169
111101725
105109625
111294151
102889255
116874517
135716947
134820947
249398721
258007990
157728651
159643956
172513913
155953294
97744941
107328289
103842427
127836423
122036751
120932965
126505224
253829649
261199452
244707954
240435319
192825354
127729756
128321969
128271622
128995675
128315996
128574982
280908014
279069509
118772754
119196008
119438354
171468154
166864000
167694719
147003118
106191651
104616826
123449442
119905554
116151319
114768920
145459868
151976339
121706511
155354682
114225347
114609773
114753134
114884546
135953319
113108762
132598017
111010418
149748288
161502086
161632646
146482586
214317379
209771252
331683415
504382501
371377445
375255839
510800839
387363771
112313030
109433886
104491386
138730915
138846116
131909378
138731342
139354702
111661510
155987427
170206076
104844240
106063224
107123063
106785997
107397836
107971275
108484555
122173284
181048088
192210101
181867287
250890346
247231257
250147946
246246084
182856726
120886885
127174238
129154394
98506967
101032404
107745142
118468968
141409099
181741847
175474548
182101101
139706701
139738274
139737847
139885048
128560902
210174878
261947824
179125958
274483275
119268967
125942878
125928798
159749769
212588101
236921723
237060817
237280549
219978385
250353173
250745279
224047926
108160715
216734016
217241749
197692761
310667123
310563016
310922695
252693010
132373164
102511229
112758469
185861735
176012575
161567793
161482034
200571477
120964965
143170803
116546837
121248271
134119082
135219880
133569110
135444734
155017615
183250112
118168596
117344703
104045094
113314842
114787267
122342670
111087218
106035491
112624923
125046454
125415520
114927213
115346199
181874114
100477738
111218631
111638897
114040600
113062682
116133398
123504908
136083026
95426865
121729978
124952587
126843571
126585438
112079643
110435699
-----------CASO 7-----------
145455174
121188965
139023609
134654547
155087589
150288021
144276722
143698589
153864763
122882403
135368787
135704146
136736252
139655501
144583068
123664909
106754850
103950800
109334900
110554312
128144903
119775846
124056588
124426934
137099344
207554295
203770619
207696374
200579157
200579157
207637921
200745983
113929668
125977865
124765707
144124829
141487606
142594378
147939224
148094957
132965803
114199320
140750326
144150856
194027271
197008388
167051733
172086820
210757277
215250925
119920060
119952486
120179046
111750257
108214902
118085822
110919538
126609758
133822549
142769737
133742336
113997507
119224167
135787347
143290270
138899875
170627622
170602448
187952826
170651515
306596728
315676609
230278958
235723218
142189471
135873532
137725691
135591080
136004945
135848786
123731895
102003496
96536196
199829504
212603461
218972733
213610393
215093911
149003329
169930023
124281015
110666099
114614040
108944501
110609352
118029075
122547470
168018559
227860615
147032985
151423379
117083157
115625666
121007205
113852867
127954610
161022087
128512689
130863192
118367422
128916315
141256779
112400922
116935530
142767177
168643197
187944293
118748861
118822248
124311307
129805914
211086237
214582339
110374259
121919844
144161522
127970823
180026650
175742495
176839880
199376385
179445104
202419368
177007560
181261422
126470238
139694328
126175411
206494882
176373961
160675634
163063685
115371799
116199957
117707796
107455009
129109168
128839089
118082835
117724863
122270563
113104496
124168801
169189330
170152315
176371827
117438569
205168805
158674996
217442708
156469987
128801542
115053932
119219474
119486993
107521143
713913539
740069880
790083256
813378373
813219225
1062647813
823422946
78799259
177109107
173454284
172348793
172618019
142080672
143015497
118700221
112382576
125326773
131987458
115096599
110799218
105962958
303825104
310599709
301627774
310562589
136639825
148969196
116441024
177010121
101198804
105119866
104917625
104546853
155538147
149849408
156173880
110886684
103734908
101336191
103603068
124363787
110654578
116737984
110965192
125252533
132678657
132814764
134702334
132842496
189999117
188133306
196093616
102277843
114963906
130491993
124018188
116912917
99958058
116077505
122912696
268365310
147735704
204073125
204975951
205071951
205166671
104869412
104604026
123271522
117392490
119789927
132369751
139485688
119905553
128050183
146496239
232014210
238226895
102159655
135206653
133553322
134501802
109588766
109776926
202883154
172367566
199595265
188087652
204523685
199343958
188255759
127424690
120205499
120841232
120476006
99623552
129057542
124412427
285751954
271244880
293495517
310742643
309695604
293082931
304002171
291766667
107044556
111750257
112631323
116799424
123828748
112031003
112070256
111957617
108132128
128644528
193789192
112166684
116956864
96420143
104141946
106687863
109609673
115206679
112688496
111883377
114951533
102982268
117374997
117368170
125139467
115346199
141697952
106028664
116995263
107750262
108657781
177409906
174576843
179919557
116351425
97200942
227342216
224670005
238902734
169064317
169479463
169070717
203655419
206028109
137719717
142195444
143194696
169765330
171132368
168345811
161496966
160560861
118095208
191569248
191605089
185813948
164604802
166260694
160891527
156839052
157046839
146739439
111440498
108147061
110249673
113713775
160365875
167607679
160821554
182698859
122212537
145251227
277505351
426125108
382879083
307864353
333085013
199995904
186771388
195984389
196460975
163561604
106181838
110187806
196867588
163265925
176885960
134084948
119134568
126197171
211098183
210332317
125468000
149366422
117127103
128609115
128601862
118177129
162999258
172045433
116635157
119620967
120209340
113224388
108815220
112075377
234867753
144561309
107071863
109945886
114084121
102884561
103165308
107675169
128143623
128427782
121424058
116348865
104965412
108107808
119385021
117997503
107896182
108530208
113735535
115069293
116116758
186249575
-----------CASO 8-----------
119762620
111969990
110544499
118329449
228105522
201294676
217173056
226797790
177877106
199200171
215265004
125642079
115650412
111512604
163195951
177595506
189946210
115327426
123309922
109838366
120451259
123577868
126430132
132406017
113052016
116700438
138933155
132090711
125401866
112368070
190661729
176544628
194839218
107836022
122259471
116707691
132808364
127306504
126222772
123529655
120680379
120218726
128016903
131392259
201919741
192364554
168807464
175373429
113156975
110955378
96567770
112612549
232469889
238194895
169418450
177881372
118735208
135978919
151047914
160342834
194910044
195034204
136300199
162809392
147792024
113874201
220801851
223000034
111654684
112783216
113028548
124435467
134429695
136300199
130004314
129843460
161569073
155684068
161523420
181260995
182392513
221995236
121590031
137366438
117578943
119104274
119099581
222856675
222868622
211762929
113061402
119709287
106882423
121841764
123583415
130938713
137117691
123231843
181361261
181420568
179519770
171413967
319598097
311518321
311727387
244320541
219825212
214013593
212633327
212828314
212617114
220303505
224810379
212533488
128516529
130951939
103818534
120237926
114812866
108110795
113411694
116455958
119417021
150318314
284216810
226252084
249010028
259306762
259294815
141227339
99350913
109492340
113195375
168865064
166334933
186250001
186356242
162028593
121866084
120734993
144106909
122296590
117715476
112883482
112081777
111470364
112986309
152453778
153470950
181484994
193028872
192592820
169763196
115634198
165998294
111203698
111352604
104715386
109005088
120153446
118751848
107193462
106789836
123062456
123304376
114688280
104073680
110341832
111170418
113586201
184504937
113412548
126640905
122789816
214500846
178731291
221400463
214349379
214604098
139094009
139406329
309708830
258118496
258336522
259571721
255150607
255334073
157582305
193608285
142907550
140455500
113666414
114489454
137924517
119375634
143797150
110320925
103335975
116444865
123197282
123013389
131409752
131428952
117629716
225007925
191537675
194226951
194721457
105007652
116990144
103097469
172730659
121468431
125890399
121227365
107295436
115864172
121884431
119972539
108185035
107960182
189554958
181500781
186959547
184576191
199072598
108285728
140219127
134954494
120668859
131891031
125740639
123618828
127277490
116344171
117954836
120247739
112794309
128740955
308343498
305524943
390291554
586471782
245412379
231232131
245769925
383801109
391149152
397285891
700418516
701006889
127629917
125487625
125589599
99565100
110970312
111667910
125091680
142941683
260801372
152303165
155216015
157784971
157784545
157708598
158282464
168984957
166007681
158933557
151705405
190527329
105985571
110343966
115569772
125448372
212075249
208514293
208710133
159506143
158683957
162277766
162209073
162380592
114362307
119488274
123613708
111973403
122764643
123088909
122485176
128456795
195470683
116781078
117206890
119004008
161226460
150103275
154937828
180710168
107486156
171766820
164040323
167470292
154598202
147411012
126865331
172419192
115371373
176821107
230003759
217906921
217907774
232610262
222985101
190602849
105204772
114256920
107655543
111472924
191236022
203166033
203116967
191649461
347808408
239015374
229863813
231147651
171824420
171360634
172235299
172406819
172176846
196050523
112406043
117932222
105813624
117562730
124422668
132194818
132387243
114316227
114965186
127880797
105726585
114517187
137263610
142447177
164044590
118967741
104198267
106590584
118010729
121327631
109655753
118463421
127782664
124962400
154363109
164906455
212722928
203354193
141839178
146622533
159371316
124982027
532558252
550293909
619121981
625052640
309427657
495638832
378147782
115819799
134358015
133646763
111504924
127637170
124533174
132918443
125008907
114262040
148251971
153258044
117851156
155556921
123172535
126382344
126713864
114052120
175019723
170370769
173997004
173383032
108075808
111515164
123860748
171804367
114316653
115589398
115230999
-----------CASO 9-----------
184999443
148789570
145720560
188940558
193685939
195834629
193690632
119501074
221638543
201341183
222366009
238243535
187064934
187693840
192393140
102669522
125583626
125753439
125892106
127177224
115314626
169911249
105434318
119739154
106306851
107764342
109271753
109682206
110646471
141155233
126578184
133046443
127775410
131361112
134223188
118064915
134009855
110512071
123623948
128096263
108729034
130897326
142668617
142424564
142771871
142776990
111959750
113063536
118736489
119392700
174589643
175029109
182156141
176574068
128764422
130496686
111392711
113639961
123402936
125224373
116174358
116046785
146751385
185629629
111809990
120621072
109035381
121948857
150740714
126053385
117206464
175497588
166232534
107882955
105321678
199366999
220643557
199700224
199561132
227887069
140870220
119860327
134189055
108717515
108676127
108894581
114061508
126292745
155364921
141182540
113882734
154776975
154832442
158110517
160946141
197746521
188695652
171857274
116973930
99011287
114832920
121665124
120335633
126317918
138355023
136823291
796662020
803625639
906551160
868053076
835556903
993395635
844460572
126291038
103672614
113949721
119804006
127921329
133011883
146000026
141767925
123797175
154075962
244607687
242587850
244922993
248354669
178575131
188317626
109886580
128450396
132709376
140325367
145118108
140214007
135568466
148254957
104207653
149047702
125936906
127499357
127483570
115618839
127653383
145423174
156321506
210143304
162489819
190594743
188823225
206639096
206667682
191531701
116175211
106908024
112731589
121151419
121174032
120935526
122914830
122733923
169911250
107587275
107359009
158860170
157232012
167386666
126342238
128627036
128718342
112706843
206950562
202300327
144649201
168238718
105974051
113277722
116713237
146378479
198010626
202906193
165515735
116094998
202729554
205588644
208020214
204367098
164274564
112869402
177787079
181370647
155690041
156154254
109935219
112196976
135216894
118543209
111889777
130383193
116086465
241279692
161677447
111801884
207154081
286047634
267934377
256210019
234862633
175542389
139574434
115659372
195784283
309256138
305578702
292399839
312274373
312450587
128101810
204290725
208333387
107977248
118874728
122057230
124179041
125837492
164114564
168797651
120807099
146362692
146891332
160679475
162668591
109882312
103541200
109263220
113194095
121042619
122667789
127968690
108179488
124381708
117287103
104641999
109128821
111091911
140935500
147770691
113799961
115678145
122855096
108104395
114070894
107928609
99998165
114602520
115623959
105661304
127090184
130928046
131705005
131540312
138393850
122876003
107910262
110034206
113357508
113820014
116377451
106486903
198169347
164888962
161068167
186025576
136749478
143083337
134056788
117445823
113161668
121903204
122140430
172062074
110796658
113970628
124791734
126421172
165921494
177933852
148824983
173345485
119336380
105692451
112094150
105386532
103952081
104226427
109186847
109866526
177046386
160323635
535625128
583144640
528223324
454194192
454230459
406510413
111794630
124172642
154165990
124455094
151658473
125602400
130937432
131341912
115568919
108291702
113205615
108045088
120069393
136332626
149176982
151333353
171763833
163495898
163621337
206029390
146241093
155804387
155895694
163431897
123907681
127687944
127582130
120052326
116291264
99842432
110669938
117034943
124705120
135855186
136883878
137265744
114256920
133051563
132284418
129275994
189912077
187733520
237948709
244245021
115662786
116380865
125396747
131808258
129327621
172560419
136946598
137065638
166651520
223365687
225251125
226320350
176010441
132265644
126426291
126592265
112591216
116430358
120554939
125597706
114638360
106162637
133418496
132075351
122815843
123398242
119471207
117790143
152679484
118829928
104014373
115669186
187375974
168579197
171615780
174028577
116032278
116186305
112666735
122520590
98860247
117539263
117369877
117581076
129507248
136969211
170088315
107262156
115747692
144463175
147609837
-----------CASO 10-----------
193086047
189904397
177862173
183767232
183947285
133587882
133036630
138630649
175035082
176711454
124057868
132080898
132253698
106371277
118760808
128177330
287319952
290453388
287332752
290103522
290613387
123675148
120420113
118612755
117510677
123192588
132152151
125276427
133763668
116778517
114022255
114263747
129664688
114806039
139164408
116794304
124889013
120452540
176750707
184079551
108500341
113350255
122519310
122785123
108140662
104602746
150541461
154305083
133654869
146844399
153965883
158371637
206159523
218968040
111405510
115571479
120773392
102928508
103335547
135128147
146827759
105671118
111929883
121182565
121095951
134732627
121214565
124794720
127741703
145910854
150831167
150785514
157527265
157591691
157677878
109779486
159037236
117058837
107242103
112211483
109817460
115025346
118297022
118034623
114765506
100601045
145651867
150576021
168495998
168263465
170502608
171946446
113724015
110760391
105366051
128982875
131440898
136512252
136539985
139067555
205548964
191316235
154605029
146315759
128085596
143156297
143377736
140344141
110267166
111877830
186602001
186814054
119990886
127080797
126949384
127085917
127977223
124513121
210607944
222143716
195161350
186852454
306990967
306978167
267494058
265060781
130484313
130619139
106926797
118904594
115382039
112514416
102187389
112787483
117502996
117614783
111833457
121838778
102426749
133885269
103848828
104493946
122545337
101617790
126751838
126745865
115971691
107217783
131921324
126364851
129354928
157907852
165175256
168533118
168548904
168625277
153573350
154843962
170135676
170302502
103411495
101693309
112344603
109929673
142082378
138442063
137131344
138720676
119596220
119228007
113366895
112485829
109985566
179891822
183047018
182228673
183020992
285014675
215744150
216312896
106286797
215153218
214248686
214030659
216062444
218117694
109352820
115435799
124769973
104333520
107452876
109483807
112311750
204814245
169723943
129425754
137958224
146708719
147470745
146734319
147751064
146773145
169924049
193966259
177359987
355805411
247078083
247357123
247344750
117531156
114301294
127175090
109383540
104679973
108287008
111377351
110966898
102049150
115579159
115788652
112413296
106419064
114999746
114732226
108732021
108591221
140205473
134139135
129734661
179435290
158759903
155912761
155897828
151009940
104843813
103426854
105858424
106574370
107087222
114932759
111145672
100863018
114471107
112652655
140013474
115327853
113820868
108832714
101861843
111896603
173120632
223062328
254440207
108657781
117453503
134820094
113569988
139151608
111907696
112280177
110614898
111195591
121672377
112569029
106670370
132197804
129535407
130576473
138539769
130451460
118715582
126964744
110833778
132853590
102512509
111176391
119563367
121057125
108325408
105232078
106062797
117259370
114194627
119998993
111656390
207433548
111795057
112503323
116645398
113440281
112659056
112206363
112257563
120734993
108851487
111717404
112074523
113398468
128536155
104282746
110177993
115454573
115184066
113644655
135502760
151539006
126679732
143739976
140908193
103164455
102281256
110149406
149271275
150957887
116964544
144265202
155011642
101278591
111461404
108049355
103384188
106756130
109118581
113191535
118791955
115888065
125766239
141192353
130540206
142508191
142635764
105203919
102310269
141046860
175684042
157375798
117456063
118051689
120954726
124412001
173994017
156641933
163483097
161862619
128929969
140891127
141179126
120509285
103187067
115727639
108597194
112180337
110757832
116240065
122710030
124693601
125353226
105686478
123822775
115326146
123833868
114508227
145660401
147614531
161821233
126939144
155312015
159115743
156772066
160177715
200032597
193886472
196822788
246175258
110813298
113563588
111773724
111977670
101665576
102748882
102143869
129987247
110221085
137477797
134524414
135830439
296611887
333045334
328036273
324047799
103960613
111117085
111777564
111769883
112425669
112873669
107616289
131975084
158817930
157742304
