-----------CASO 1-----------
50057749
56759821
49551723
54632464
51285268
45887088
54558224
56176141
73431800
55916729
51860841
87239995
48642924
47543833
58346592
51773800
51336467
49316631
52464146
47168793
48511511
49449750
57321740
105800398
113204761
129870767
149579756
46036848
49678017
57062754
48848578
57624246
133488469
51010068
55812622
55538702
55299769
52110013
116734997
51824147
47706392
50304788
50611989
125945012
54110650
53884091
45404102
45951941
54383290
51808787
57475767
54079505
52801639
72998307
63707226
48751297
52576359
89352846
90338445
51750760
54620090
48582765
103941414
81566616
55253689
50461375
56905741
62459227
51552361
82264215
46235247
83548480
50891882
56957367
120816912
121728270
50449002
55826275
58271926
62701573
-----------CASO 2-----------
52171027
47802392
72212388
117254250
58775818
66629035
124307040
123550135
52976146
56271288
59370590
130673326
57178381
73578999
59085151
55116729
61163869
46189168
59858270
70851749
67114154
59130378
48225218
51878334
53236412
52451346
58053045
65648556
52156947
50391828
47202073
50073536
48798658
52662972
55125690
60704349
54834276
53643451
49928469
52814012
47694018
51816893
94486919
49497110
58945204
49986069
53878544
55932942
211344796
74146892
49298710
50032576
57395127
57302540
57854219
71287375
55635129
73673719
114881560
118493715
47786605
65913943
71987535
54155024
55243449
74019745
57571766
58077365
137499557
58322698
55279289
55246009
137915130
63025412
67597567
66195115
65606743
67222954
60318216
58152886
-----------CASO 3-----------
56793527
106402850
91278817
71260923
74502304
61404508
77284168
86101223
59378697
48645484
75711476
60280670
53696784
54987450
107414049
333648213
138924623
58358112
79503685
57823499
56662541
62294960
48905750
140012621
83485333
60206003
48697111
51953854
111746416
111104284
70439163
77293981
81677549
51467455
135412307
149264023
70715643
86460902
100038272
53904998
56290488
64092078
64182105
128138929
47839086
56375821
67848446
67757993
56402275
58401632
50900841
151821033
152630418
158350304
64557144
56709901
70203216
49822229
46105968
51764413
152167485
50567616
51258814
48214551
50223296
51226815
48247831
50614549
105468879
56956514
53832891
51086442
55739235
132089431
135216893
68043433
71793828
120896272
123207096
53910118
-----------CASO 4-----------
91363723
61057202
51434175
51931240
67253674
53576891
60407816
48114285
53058066
45425862
73505186
63477678
67205461
63986691
64210692
55531022
55850168
148380397
63393198
61003442
71481082
68301993
57370806
59462751
48061379
45244102
48660845
48581912
64515758
57495393
47587352
48830657
55923129
54628623
58632458
50263403
47387246
53490705
49727083
45530822
60689416
47148313
67496447
49855510
132788310
48107032
68671912
57444620
105055439
56489741
49615296
66118316
65908396
56514061
50609855
52317800
53107558
50602602
137012731
108871968
58108512
55029263
48188525
55243449
61514588
56608781
58208352
50809962
57093047
98814167
54226278
313429359
117814463
53515025
53560678
64407811
52337000
51825001
49068311
50871828
-----------CASO 5-----------
134818387
99767339
76741022
58399499
71546789
53788944
57877685
55043769
119374354
122834189
50059029
53241105
55932089
49656256
56842167
58451978
66251435
50690495
100849790
66978474
77589234
63995225
62443867
53500945
51595881
101386537
56201741
51696574
61594375
56400142
56782861
103763493
80546457
56831074
52686012
56354488
54376464
56470114
86187410
53212091
67789993
62821040
52135614
56722274
50161855
81949762
52352360
52208999
49946389
51886014
51982440
50348736
117907049
59940190
51896681
59898803
58154593
49877696
48960364
59104778
162331952
106660984
58844085
57436513
150732180
53123346
48614338
49343084
52424467
55653902
61535067
56858807
55238756
48275138
51724307
109090420
50403775
50489535
56880567
54234384
-----------CASO 6-----------
48721431
49139137
52433853
45739462
59458057
54085904
77805127
48927511
60978695
51192681
49448897
49992470
51862973
92129589
52857959
50111083
49746283
95575771
95495984
65210370
58343605
48674071
69285885
60322909
56283661
53258599
61500082
50539029
99155073
106044025
53462972
53762491
54145637
157288332
103293735
54830863
50323989
51087294
50173375
58368352
88626659
51809214
49765909
56424034
58969098
173938551
49247937
46733167
53288465
60580615
103083388
47246873
57063607
53949371
58699872
58921311
49990336
127338504
60088243
47275886
122015844
64467118
46344047
53654545
48292205
54193424
61379335
61675867
125633546
93847773
49878976
296216368
88612154
100829738
100674858
61419441
58500619
58419552
58818485
54063717
-----------CASO 7-----------
49962176
84598505
51877480
62680667
54002278
107973836
77162994
49195884
62620080
50170816
53317051
52942012
53374225
55466596
116257984
67378260
50552256
49371244
50867988
52767933
57596940
52185960
55601423
209289546
51878760
75710623
54748943
58756191
47625326
47241326
48846871
52640786
52050706
50305642
51746494
56842167
49933589
51484521
63000239
57211233
56387768
56636514
60836189
59698270
58564192
95500251
52334440
50167829
117795262
49238123
68301139
55758862
52868199
50795455
53146812
56597687
48994498
59722164
50908948
53290172
110374686
59196938
59691017
76420168
51601854
55569849
47371460
46287301
97393369
64427438
57951925
64020825
51487508
52276413
111462684
61500081
56058808
90056418
97524781
115458839
-----------CASO 8-----------
52939879
53051239
56646755
48203459
51897107
123070563
66829995
110867484
91615882
57643020
56061368
130164313
87293755
63354372
46797167
57990752
63209733
116141078
328514566
55034809
63022426
49819669
47545966
58271499
49177110
59295071
75444383
52956946
45368262
62081627
50259989
60851549
48368578
61974534
54355130
55835236
113345562
92896308
69085779
68360872
158251317
50305216
59072778
53279932
56799927
60657415
52281106
49121217
52419346
103391868
62022747
56839608
50586815
62882479
58236512
51435455
267439017
61776134
110036766
55231930
104795600
95542491
55093263
57873419
52455186
128199943
70637563
71523322
81710829
54226277
54389264
56772194
154675429
59554910
48188098
72384334
70807803
60273843
60012723
53488145
-----------CASO 9-----------
61376775
56927927
53192465
65968983
72630946
51502867
57617420
48913857
69609724
71063376
87099195
90157111
90035938
59767817
81729602
80717977
54821476
56717154
56523021
50608148
104806266
59371870
117154410
100597204
100482005
102712188
127604316
54914917
54119184
117903209
62799279
75753290
58035979
57515447
59046751
65940395
60219230
72388174
51006228
50314602
58982325
46995566
134546601
67269887
56255928
86724156
68131326
51145321
52757266
47335192
46795887
70876923
65237676
57045260
57842273
61530374
60456029
105217999
110299166
221478544
71162789
145130481
71961508
58581685
60981682
60991069
60951816
61614428
54824463
101080191
56234168
71457188
57009420
50707562
62279174
54162277
58000139
52591719
47222979
46632900
-----------CASO 10-----------
63252399
49750976
55953849
55845049
56185528
58323978
72149241
55481529
49827350
125441973
131131566
62750213
52008040
53447185
56553314
112199963
49646870
111536924
62151174
55869369
51576254
49562817
52989799
119993447
67339861
55255396
54621797
50937108
49723669
53500945
51115028
48363031
59630857
51678654
48914711
214151406
203774459
51627454
51269481
113771801
50366229
58699871
64164184
50762175
58644405
59087711
62456666
52745746
50486549
50244202
60115976
57939552
69827751
56996193
62339761
55536569
79656005
54464357
58472459
138773582
141468405
50517695
93848626
58959712
64109998
54819343
56635661
99528405
65359277
62924720
57118221
112183323
55664569
59910750
60107443
53303825
58581258
50852628
219385320
173441911
