-----------CASO 1-----------
215263725
199986517
105724878
126003892
109455220
102314535
177313480
150909247
177158173
151860712
109504713
116389397
131214765
206622456
139948621
113425349
121663417
103263868
104742693
109469300
103236134
97566595
130012420
101749203
107473356
115591532
122069604
200294143
104487546
95921371
106065785
108382581
107037303
190103650
179255237
182599447
124447414
129114288
104659066
185999975
121932644
149008449
132349271
165840002
216029590
214663405
102590588
115650839
112525509
112333083
646146159
175795402
110201032
107986636
120784059
129985114
108220448
112680389
126569651
169988902
113319962
108029729
112151323
142900297
155435321
221461476
223518007
108654368
106448077
118041876
137971450
150011968
187899066
111299697
121514085
101731284
197123161
125117707
114681027
112458096
-----------CASO 2-----------
112064283
116605718
114112281
103221202
187587600
138198437
140150007
138611022
177090334
109541406
110814151
116408597
187674639
101132670
122785976
133424043
113534575
120349713
120407313
127971676
150287595
158840970
109285833
107600929
107576182
111838576
161764913
118798781
115443052
119808700
100106539
120804965
166886186
109341726
104633040
109295220
104854479
149449622
119440487
116862997
105527758
108952180
113049029
203219367
157574625
118891795
112341616
108918474
106369144
276905032
226671497
122995469
121941177
114115694
105748345
174155297
121742350
136812198
139753634
203221500
179627717
118083689
116709397
148287810
125227360
131095299
136146173
116277184
116890731
188226319
116982463
109404873
104622800
171774501
118825661
148208450
138736462
125958665
129054555
115273665
-----------CASO 3-----------
132147458
128144476
167684052
182890006
180025370
118386196
231978796
240681932
180797635
130411353
125907039
131776685
121672804
105681785
144008776
233573674
205725176
234693247
110282099
149334422
119929020
130412633
107229730
121155258
204805711
179416517
141987658
144190109
155124282
154928869
215321751
231197998
240603852
117084437
130371247
191330742
275726153
278398363
197238361
169164583
169269970
197234094
113950147
121524751
190641249
190920289
174898123
121613925
126936585
201441022
212111942
188350479
248843201
249031361
306336887
106219384
111104711
110312392
116093291
104348880
104612986
120289979
103829200
126009012
120509286
113190255
101416830
96345476
114675480
138941689
174628043
108056182
111568497
102412669
110769352
112496922
130147673
138886222
140094967
236554364
-----------CASO 4-----------
121831098
97277315
103360294
100435498
107546315
131896151
109752606
109930953
116032705
106385357
101657897
151577833
242926196
191035916
190908769
145967600
146328559
149161623
126879837
145755973
137249531
125850292
127670023
141589579
99283500
103297575
112515269
99258753
99963605
100669311
108648394
110020126
114911853
224698165
209699571
103853520
121417232
109117727
103350907
106572237
113688175
121469711
115113239
120900539
106395171
177749106
137062225
126483038
135360254
168746877
164367150
178572145
179300464
139258275
108795594
104679973
99261739
110934898
107558689
176544628
108291701
109833673
111544604
105237199
186606268
701563688
134739028
129297328
132069804
123236536
253243409
154961722
105044772
217362922
217175189
177391560
137441531
188862478
181228994
157948811
-----------CASO 5-----------
171700687
240109773
235512019
197589080
227282056
203047847
171990820
149778155
157843852
188643599
266441899
120314726
123942242
100677844
106244984
116440171
109185567
206200483
102969468
117123263
128656049
141097206
161329287
136167933
168785704
107115382
151381566
158016652
103504081
102098643
108405195
165598082
173569911
139058595
145610054
116077505
111475911
114354200
223724514
150340074
127371784
119364967
114842306
118171582
108666741
240466038
145162908
116648811
179185690
189791330
167732692
101833256
110927644
183746325
100457685
132606550
127653810
106724983
106489464
117011050
107071863
172717005
122627256
117995796
116169665
176429001
202628007
198415532
110544072
104210640
104531066
136429052
115004439
102276563
106936184
104920186
133529856
140170487
222802915
231333250
-----------CASO 6-----------
102218963
103503654
102637948
100895871
112069403
119542460
107977249
187176294
119768593
119914086
136557905
126459571
102257362
101874217
239674147
167843625
117438996
122471950
122790670
175247136
170232529
127860743
134895187
120157286
113171908
154711269
303807612
212781381
104112080
108848927
173767457
191754848
106614050
110453619
202127955
164869335
110410099
108566901
160509234
168088958
101049897
111211378
116136385
117609236
104706852
122068324
107743008
102075603
201158569
216603882
128498182
116405611
116608704
115193879
113777347
107605622
111430684
120589926
184152511
114119534
123090189
156416653
218595560
112135110
400350208
104179920
116021184
116571158
106559010
114902040
145113841
116944490
338757540
301131135
151087167
200890196
203958352
210330611
166279467
108208502
-----------CASO 7-----------
156464439
109163380
130448047
134368682
138988623
107451596
169795623
178956570
134154495
113558894
133977855
106679756
104111226
111322738
103107281
152387645
135155027
105303759
106894370
114334574
120174779
106771917
123478028
102346963
127854770
109191967
134734334
109448393
117824702
105645945
117598570
103928187
103122215
105798691
111033885
164715309
183450219
198779479
163834670
115801878
124642827
124170081
105281146
114576920
107267703
107100877
123774988
107992182
109764126
168985810
116508864
121376271
120742672
99728512
132695296
136731558
106566263
151272766
117598569
107566369
107822369
146324720
110742045
209346291
131957591
126621278
103052241
112224709
125433013
306635554
115910678
117628436
127861170
129126662
107973408
174860149
119410194
132865963
175542389
207496695
-----------CASO 8-----------
239875106
99885099
104705572
142171124
145895493
104319867
303004199
306570275
199207852
101677097
124062561
135816359
131977644
148201197
108340768
140031394
118893075
104869839
160920967
378064156
120024593
111392711
111976390
119890194
122327737
111137137
131533059
130052100
117604543
141662965
125238880
103615440
103541201
118690835
120235793
101988136
170064423
239463374
171224101
143149043
121450512
204808698
110916125
119319741
123186189
108740127
112860869
123653389
115886358
178095132
194352818
129875888
116758890
104021200
119253607
114458307
128940209
330801923
114299161
147080345
140181153
156333880
192207114
159765129
111709724
125058827
197324121
194743218
123609869
133277696
123521975
110909724
113746201
179250971
184770750
108381301
109937779
266869418
223603340
139906381
-----------CASO 9-----------
196570629
126002612
103571494
147729730
129174875
134855080
102686589
111599217
118607635
117799956
135075667
135542440
138792356
144323229
108589514
118573928
181004142
188448185
169688530
169691943
149383062
114467694
118834195
167236052
172887245
108190582
165272962
219839292
193223859
109827700
239911373
176268148
146912239
141750005
114105027
115024920
106515490
103827494
106384077
122614883
103542481
121153551
115079532
182328513
174556790
114535107
142340938
154991162
108380875
103917947
108840821
112116336
110379378
157282785
147700718
106064931
112344176
176446920
224842805
215993751
359051488
109467594
199824811
173970978
174587936
174612257
174871243
122918670
106917409
187402427
236392230
137279825
144149148
116446145
114423320
113986414
108817354
104887759
99678592
161955206
-----------CASO 10-----------
117756862
121366458
118148542
125040054
118686995
162957445
145032348
197497347
114445080
111737457
110815005
159143050
105019599
116349292
105805091
116517824
177705586
161087794
173187618
115393132
100467498
106236877
104662906
107832609
223282914
141071607
119565927
121148005
103628667
106540663
105814052
141325473
123614989
108513141
110010739
105223972
268781309
280233881
105002959
118940861
180361583
166168107
165524695
111778844
119158034
115648279
118660114
113904068
105993677
101805096
138887502
147053038
110038899
119046675
123042403
139804834
160106036
157335266
124083041
124860427
122015844
204578725
103090215
113867374
116811797
138492409
120190992
114054680
281927746
311048562
110870044
123169122
158940809
171765114
169154344
104722213
124326668
100711978
111923910
410612808
