-----------CASO 1-----------
84545172
64901037
85636157
68328020
65208236
58811231
63623172
100247338
55434595
55158970
59228511
60938162
54163131
59499017
54122170
100834431
48750018
58825738
61771441
63133786
63527599
55851022
55979449
62285574
56052409
55475982
59121418
62284293
61102855
56761527
56726114
72545614
66690048
65821783
64297305
62924293
80841284
65936129
67079594
62749786
59232351
62784772
58291978
62003121
69496658
59386378
60302003
75833077
166095574
177038706
177485426
177296413
178073372
167310720
53022652
55087289
65861035
61094322
61175815
64056238
63756719
60390749
67795114
65990316
57500513
54544570
52660840
49529110
64773037
61843974
64868183
71998628
67675220
62528773
62920879
49293590
59105205
62073947
61808560
52520467
78859419
64083545
64595117
64954370
92439348
61559388
61447174
64533677
60912135
50449429
60385630
64210264
63324079
116115051
104294693
108915488
95403398
55350116
55472142
65100290
59685470
62036400
56793954
57724087
50590656
48182125
52921959
52714173
62172507
62151174
68653992
53321745
102312403
104863866
99310806
94769799
64670210
65090050
57933580
57654540
61427548
63745625
52585746
54387557
51900947
52110867
54114917
62903812
59660297
116522944
96437637
56107448
55134650
59984990
62172508
63847171
57142114
60943282
56869473
52833639
77097288
87790821
63646638
66516821
63505412
65675862
54206651
62961413
63266479
63733252
53672037
63826265
51317695
53294439
60184243
53308092
61348615
160621021
53808144
58984458
60978269
67174741
133244416
64130051
131012526
135918333
56874594
60677896
66949035
67315541
48342978
48005058
59278004
60919815
56834914
57051660
62957146
55730702
71853988
59558324
49935722
55665849
57097314
67672234
60775175
51539561
61683974
57110967
58816352
57524833
116875370
118802621
54934116
57826059
61375068
63768665
92270816
54100837
61332402
63583492
54449423
51618067
52968466
54128570
58025312
52059666
56115555
60305843
58871391
56424888
53311078
54363237
58481418
66501461
63491758
58419125
62410586
78064113
103801041
54303930
53569211
63644079
69111805
54705423
54673850
63270746
52617319
48494018
56514061
47942339
51292094
57972833
64844290
63819865
61107975
53526118
55007929
61896027
54460090
65053783
58949471
61346482
166693333
73170253
62849200
69213352
54108091
66696448
49863190
74191265
56980407
60723976
53816251
57587126
55330489
56659554
57011980
61078535
52995345
52853265
52889959
54580411
52499133
56749154
55183716
59259658
51589480
53893051
51615080
59935923
58819765
64043865
66917888
141058380
52957372
58376032
50949908
47420953
50911508
54784783
61592668
60517042
50550122
57119927
50487402
52054547
51880467
60725682
57851659
59685470
55326649
65182210
130210394
114665667
55743502
51888573
52218814
50112789
57246647
60181683
80632643
144240455
80409924
88104848
68785832
68227326
52968039
60655709
57130594
55965795
54987876
60403550
57272246
71083002
57287607
65271809
55891982
58739125
53879824
53587558
55111183
50908095
53623824
54171237
53102012
58487818
50709696
67805780
56781581
61774428
53584144
95215238
168833064
176932467
98375554
181935980
59241737
53968144
65428823
55801955
56778594
55161530
56879714
99885526
66833407
66832981
61618695
91744736
89864418
93143774
94227933
93719347
115708011
116581824
116470891
53955344
138502649
106328611
107438795
111620977
139269368
53918224
58763872
64859651
55039502
51132522
61643441
63231492
63339439
61107122
64304557
62422960
86956262
72652280
142733897
139805688
142910537
111212231
118785128
50957161
74608544
59163230
55927395
60011869
152727271
143368777
156087267
52645480
62308613
60392029
55926115
59097951
52333160
51650067
56206008
54390117
51584360
54365370
57782112
52589159
-----------CASO 2-----------
61160029
132578390
138592676
136408146
131092739
113604122
113512388
59507550
54056891
59510537
60486750
63041626
74408438
63120986
62527066
104897572
68934738
54320570
57305100
72625827
66852181
75624010
75839903
56650168
67266047
53089212
60714162
54006118
63982851
54350010
72181668
61076401
99055660
50678548
65714263
50478016
64249518
64342104
64418904
71225936
58305205
62883333
66006955
58342752
60457309
53011132
53135292
56883980
74519798
60405256
47659032
58453259
50474602
57361847
60114270
107693089
55124836
55394063
47228952
48378818
55559182
55910328
59893257
67082581
113376282
110185246
53738598
59959390
89229539
89401059
89447565
57581153
52319507
58786485
55657315
56839607
59656457
59667977
59887710
58415712
101191977
114989080
85454824
53717691
72281081
69695057
69534631
63606532
58900831
55749476
147051758
54593210
58904245
59027978
58885898
59042485
77910940
82979307
52294333
58297952
54752784
52266600
54557797
58722911
48590444
51133374
121967631
93870813
130926339
130911832
130937859
133098070
54314598
58969098
56668088
181621101
149017409
156392334
155383268
153263164
121668965
118797074
70117031
124307895
123214349
124867254
134575188
134575188
67400021
66634581
55202063
53814118
62166534
68560126
66663595
69429245
126303412
120298513
112059163
61794054
55078329
55381262
64135598
58771125
50577428
53702758
61304241
93975347
54868836
50883775
55319396
59507978
53409212
54280037
113686894
67187541
56823394
56675767
60416350
66934528
65485569
57931446
61775281
55627449
57290594
57090487
57473207
63189679
108614261
108245621
79801925
365526572
52830652
64153944
64169304
64284505
46301807
58527925
56880567
57867020
62071388
61911814
61784667
125332746
71073189
71210149
59916724
72133454
130080686
126073438
142018805
125950985
59216137
59077471
47249860
57260300
53255185
55474276
53391291
53976251
106142584
106291064
49674176
58600885
49946816
61642162
61696348
65679703
52729532
76139422
61842268
51205908
49836310
85920317
81993282
83696960
47261380
54823610
50018496
59553204
59163657
48491031
53540625
64264024
83388480
63071493
48570392
49497536
62231814
61620828
61230001
58273632
52585319
71624441
56641208
52517053
59268190
50120896
52836199
65908823
53968571
49849536
124300641
136966652
57222327
57265846
54655930
58549258
47850605
55271183
205527630
51934227
63400026
58507019
56226488
52270440
76632222
81645122
56869900
63278426
47819033
55745209
57583713
68297725
117421077
113315695
58526645
50431083
111659377
100656084
132822444
53157906
56185955
55796835
56242275
77269661
57008994
58050059
66844928
70899963
63713625
61494534
58958858
47681645
60826802
71014735
56190648
52204307
52935612
60845576
60152670
49342657
49840576
53264572
52224786
50707561
101698430
105241039
61217202
85687357
86354663
68314366
50563775
50575296
64235438
84095892
56022541
63880452
59155978
68076713
57731766
97930968
84176959
54349158
55451662
62890586
56873741
49762923
50411455
55310436
58324832
133334443
139050488
130259034
63188399
57991606
62696880
114400707
54432357
58239498
58727178
58685791
57410913
56355341
49473644
53006012
70448123
70676390
81246616
74623905
74659318
58097846
114668653
119550566
57473207
59431604
62437467
57570060
63232773
54815503
60070750
79698245
65390423
68459006
53107985
56650594
57764619
58958431
137815290
151307753
118946408
123652535
126931890
122108857
114358040
112683803
55823715
61784241
52559719
54680677
58291552
55538276
52030227
53198865
53909264
166073388
62091441
62192560
54995983
54740837
54478010
67494741
56699234
70583377
57971553
59047604
55196516
117279850
107292023
116638997
141348086
67696980
69616977
106748023
111290738
56072888
58764725
56587447
87519461
64316931
-----------CASO 3-----------
159727582
159782622
139452408
139458808
83735360
86719889
123837281
131099992
116401344
116691477
60116830
66647381
64547757
82817600
133316522
133322069
68299006
59254111
59376137
60059656
60605789
68644179
70411429
73933559
63946159
66212182
54488677
60610482
62604719
61726641
56709048
62787759
63210159
56059234
49296150
54847503
57276940
60843015
64255918
82206188
167940478
140798540
147787331
147835545
121518778
54741263
143287284
65030743
62548400
170270928
170375889
170285009
170177488
160537821
105670265
93243614
71623162
130042286
130252633
130274820
138554276
146164293
64714584
64892504
69757777
56006755
61232135
61262002
61196295
77142941
59488778
68284499
76993182
71352228
71443109
71678202
71734095
91088097
64397144
64726530
96747823
57376780
57434380
57499233
57634059
56508088
79246832
274985034
91728096
79660698
82888427
59757577
61171975
76773448
53267131
57061474
56762381
66478421
62866266
71921828
61011549
61037149
112462789
70544550
59738377
60025097
65672023
65684823
63371866
66599168
47668845
53823077
62656773
52104467
71400015
75681183
67231914
52144573
55926542
74493772
61532081
63554905
78783046
53486011
57475340
61995867
141840885
147366212
146549146
134443774
134336254
67448660
67262207
67531007
58183605
65180504
64723971
70684923
71451642
66946474
68347219
69478311
64705623
53827345
63221679
94941746
55476836
54666171
58937525
68472233
69056765
62081200
80423150
69468925
57811980
48045591
62727600
89834552
90017165
60118963
61352882
57357580
52869479
61741147
62753626
53750118
59710644
54897423
59900937
56314381
63646212
56613048
54066278
95535238
93076361
95552304
126301278
55952568
60898482
66840234
49487297
58542431
130767619
132848897
55952995
90316684
66068395
62354267
63804932
62786053
107471222
89719352
118145129
131269805
96352730
99342380
107454156
68258472
88434660
88547727
88433807
108883488
72937720
110713032
59572404
50654655
56812728
57654966
57976246
52773052
63167493
63351385
69880230
61819228
56730808
65368663
65376343
59452938
56726114
53032465
56533261
61675441
64124504
66369195
65974528
59551070
66746794
73000867
73555959
111407644
111681564
111562950
111097458
57925899
55081743
57863606
59746057
57701473
57756939
58375179
56155235
57909686
68747859
70105936
70117030
118561982
126617864
131130712
139452408
91763509
50210922
66295808
60686856
123397816
127083784
127500637
127846663
197340334
52045160
67689727
69201832
100670165
103942267
104412880
104397093
59779337
55701262
50664468
57831180
75407690
191957514
188779705
188631652
114621720
57603340
55698275
61367388
157973557
53064039
57663072
61311495
50857321
61587548
62516827
56579341
239921613
59963229
60832349
60488030
98640513
52636519
71694841
55302330
58813791
53017959
56104035
58286858
55352676
143965256
141602805
152744764
69297832
63473839
59471284
65101143
62139227
48488044
53616144
56175288
58414005
62730159
61939974
65480877
136784038
55323663
66047915
58872671
62867119
54741690
58854325
61716827
74088866
69101992
69207805
117854996
79347098
129169328
129144154
76590408
59823710
56163342
61308509
50913642
106496290
61582428
66298795
80383044
57893899
112272070
132067244
133530709
60061790
74433611
74312438
59627444
65363116
53776998
58094432
70224977
85927143
57136994
59885576
144448242
144929948
57166007
58098699
68666365
52503826
126375945
126294452
124845920
125309706
64700930
96971396
101838803
66063275
58512138
69463377
55476836
55504996
60243549
66807382
57239394
77313181
71906895
83810452
106433570
79274992
60020403
53376785
58777952
58560352
59094111
56290488
55081317
50358549
52217533
51542974
57449740
54934116
55891981
58102112
59236618
53744998
78443419
55310009
52747026
62727600
50464362
143076511
-----------CASO 4-----------
97175769
55064676
55374863
56687715
59338164
59502004
59856137
102391763
67304874
59963657
62197254
51037375
126579038
115490839
115617559
109539273
60080136
115589826
114073454
59436297
59782750
53752678
51705108
56227768
64270851
104563919
103623121
107128610
107293302
110173725
109220980
54411877
62795866
59807923
52393320
94828252
97549102
63186692
62960559
54809956
55984568
50344042
64047705
118767208
126942557
66738688
70355110
54067131
57576033
48572952
52223080
113497028
114694253
59628723
59989684
57157473
59655177
59140618
65122050
55423076
72465401
51265214
53098599
54313317
56558007
57187767
59958963
54705850
54692196
56028515
57120353
72916386
72130041
63679065
66486955
54534757
57572193
60454322
56516194
109273887
109333193
98476247
93690333
54496784
54901690
104194854
111112818
98277847
98585901
98643927
58825311
50733588
54796730
56214969
61210375
53263291
55627449
61685681
55161956
65171117
57132727
75234890
75401290
61782534
63870639
66804394
66754475
54562490
67348394
106701090
107129463
52965906
61710001
64272984
63967491
48773058
50952895
127827036
129666394
106806476
61496668
61503921
53644731
74134092
69224018
51697853
51336894
56970167
57570486
56670220
56404408
54295824
60245256
58286005
53280359
52928359
61660081
58862431
51690174
78755313
63724291
60750429
114089241
121657018
59358644
67940607
58234805
136424359
136709372
56192354
84244373
84065173
56665527
59589044
54695610
136867665
124101388
136319398
50949055
50987028
49552150
61185628
57605899
51940627
96955183
103391441
50449855
59296777
53808571
53806865
52487186
62338907
56955234
54350864
134007722
138671182
98627287
60136456
56146275
84064319
95135451
66571008
87821114
105557198
132181164
60752989
67563006
52235453
84153492
91149110
91415349
69898577
61352454
47862979
57869579
59682484
62158854
72997453
49804736
52994492
59699550
59719177
53480892
116105238
113142042
105165945
54646117
63713199
57832886
67740500
94630706
94667825
94623879
105377146
66873941
73894305
73960439
73870413
52528999
60166323
55903075
65020930
53367825
59639817
59798536
61806428
52840892
59772510
58888032
59865951
57824353
67901353
59222111
60102750
85268371
66242902
68479912
67960233
173556258
125946292
135236947
297346606
128335196
219667346
178773958
178759025
54628624
53990758
54068411
53443345
111652977
94525319
94720305
56379235
56482915
62969946
54437904
56894647
52307986
57510326
59091978
62488666
57461687
57452727
58152032
113932227
108688501
115705879
115622252
58297526
52949265
55357796
116890731
51045908
55613795
61653254
65540609
54102971
52238439
55490062
52764519
55014756
75250677
73356706
60041310
117500010
110374259
102987815
60911709
121944590
101604137
53175398
56929634
62229254
64505090
64672770
49170711
52488039
60253363
53718118
52750439
57450593
61414321
61846534
62326107
58680672
67442260
61686961
61075122
54632890
87030502
94001373
96090757
49761216
122874723
111869724
111689670
58178485
52794812
108860020
123053069
589862072
62951599
66262102
70222417
70811643
68692819
58185739
58187019
122806029
110486045
107436662
110140019
52834919
58374325
53298278
56790540
50758335
55221263
123457975
122887950
54734437
54807396
53883238
53005586
64011438
52063080
59464031
57376353
54968676
56071608
52750013
56667234
50968254
55591182
55427342
61641734
105170639
107147383
64381358
64265731
82737388
51435881
62960986
69135698
63255813
65975809
66993834
62586800
62722053
60045150
61767174
57064034
54007824
57113100
50355989
65360130
56390754
52175293
83781866
75184970
73401079
76956915
48701378
50190016
50243776
116840810
62004828
62037681
63724719
63944025
57286327
48768791
60208989
50158869
64762797
58723339
62966106
60050270
47764419
-----------CASO 5-----------
60660829
61863174
68915112
64614744
135526653
135530493
141942431
130899032
52514493
64575064
55770382
96780676
55403449
67439700
68460285
68488872
114292761
92338228
216698176
57800459
56640781
59760990
61716401
59762270
119831740
128969648
60558856
75735796
63908612
71415802
121800377
153456870
59545951
67502420
203725393
61061468
127295837
126705331
73555532
73552119
73557239
63126106
65692929
92978655
61969414
60045576
87585168
84867731
85098131
59443551
58240779
67697406
113500868
65869995
65997142
65978795
65877676
63909465
53808571
63733678
59942323
56673208
62254853
127137544
118814141
63530159
63521625
59603550
70576123
67686314
64651011
97417262
97587929
66159702
71457615
53305105
57730912
54689210
52812732
65323863
57793633
56644194
60669789
55509263
63531866
56132195
64266584
64298158
61059335
48981271
60908722
55624036
47729005
56316515
55910756
53083239
64553731
61709148
59775497
81510723
150665621
151111060
57532512
69497938
72866041
58670431
61731761
60837042
68748285
68739325
47797272
63782745
54542863
59417098
58933258
67782740
66672128
110642632
128734129
60228616
64040451
159263796
375273333
208326560
208124321
136394066
164900909
140489633
82853440
52010600
62717360
64875863
87608635
85125865
87333008
84725652
163332485
54867130
65717676
71760975
53685265
56757687
84679145
59965789
61998001
62694746
59680350
77601181
59519497
92845108
107779275
65874262
64520024
56165474
59033524
139313742
139432355
61717681
71774628
57611019
61776134
60880136
60718002
51638120
61708294
57710006
65531649
162491952
162701445
121132218
115559959
58577419
64535385
54821477
53790652
61138695
54696037
54587237
55972195
56395021
60583176
60432989
103938000
81483842
81570029
81615682
81401496
86790716
88700473
91593696
59782750
132149590
121939044
135817640
125955679
126835037
58877792
68549886
49561963
65001304
54722916
62507867
63424345
65756503
55669262
56665954
53587985
60617735
70429777
57777419
53218491
60217949
60341256
55653049
53450598
60674056
50720789
53607612
58518112
49814123
60738055
65686103
56874167
64203865
65246210
68836178
61361841
48502551
54175077
63245145
122291043
114254787
152968337
157362999
68404393
69515004
56388621
55835235
63300613
88359140
91382496
92452575
55321956
60353203
68982952
89014500
91200737
46751087
58589792
58676405
54067984
56012728
56856247
117913876
119059474
55578809
60940296
62525786
55332196
47817752
57113527
120086887
129098928
114613613
113331908
118001769
51418814
58350432
57727073
50038123
49777857
63532293
63878319
55552355
50438335
56410381
66571435
193874099
184451177
175942601
211449329
212442608
98430594
225585204
57858486
61122482
62414000
55926968
58696031
58755338
51331775
55139769
53706172
50172949
55880888
63815171
127466504
127564637
66776661
69911377
49176257
56971874
120027153
135589800
69383591
56686861
67181567
67586474
57249633
58418272
51190548
49506070
49729643
78969925
73448439
55867662
171804794
172184100
66232235
55223396
59237470
59776777
58248032
56109154
58307339
47839939
86442982
52618173
55810062
53547878
55547662
58303925
56371128
51890281
54546277
54832143
57230434
52947559
122328590
128543835
64968877
70169083
71042896
56113848
61729627
58094859
58512991
62403760
53966010
61832454
58232245
49410924
51414975
57274807
128665008
127056904
82110615
68470526
53210812
55279715
56112569
57780833
51349268
54937530
56246541
52591293
64961623
62518960
59277151
55181156
52472253
58373046
51633001
53063612
90338871
57183500
57820939
54026597
50314176
59528458
59451230
51944467
58451978
64769623
68501673
68843432
55776355
54272784
53891771
55295929
66343595
64837037
67452074
56207715
57507340
60040030
50917054
51463187
55494756
49326443
-----------CASO 6-----------
71010469
71007909
56130488
56183395
110705352
114906733
57890485
68768338
59731550
67509247
57099447
65017516
108584394
94619186
62635440
62744666
71603108
77912647
60914696
60920669
102013310
135288574
60799069
58936671
56759394
56806754
82674668
79959364
203372540
212446448
54884197
61639602
110592712
104000293
104278053
105491491
56654007
48456472
55269903
53677584
62310320
64309251
64420184
74414838
110886258
119626087
51805800
57816673
54823610
101758163
61564934
55769955
63741358
63687172
58223286
56698381
60881842
59980723
57734326
61652401
63722158
109786313
129979567
54776250
61902854
65855062
60810163
53373372
57646860
55621049
58952885
51249001
53975397
68801619
60409949
88435940
64454745
63098372
64651864
58798005
58783072
63652185
62512987
54047931
53474492
52552892
57547020
57848246
74928117
71709349
71813028
62444720
63365465
52931346
52761959
152152125
147084185
145694107
153115537
114703213
143515123
150704873
56621155
61701895
59804937
60887388
64114691
57750113
61770587
65698049
57535073
59670537
70691322
76524275
76534088
92803295
92487988
61633628
65647702
65943382
64826797
64818264
177830172
168378665
58643978
60733363
64770050
56649741
58632458
64353198
68819538
99714859
104746959
114798787
125166774
144836934
119379900
58510858
57692086
62577840
67086847
67859113
67917567
67873193
60565682
93257694
80616004
55854861
56839181
61756935
56595127
57387873
88912526
51301054
54666170
96656516
97819181
48789698
58708405
110500978
56122381
51755454
62676400
64856237
64860077
81708695
88289167
68960765
69347325
62789893
61286748
62226267
65240237
106007331
62880346
55786169
62847066
59964084
60054537
59849737
63163653
112787056
120332219
112561776
108352714
113568281
96228144
101766270
95795077
103606054
55675662
66687915
64853250
75639369
75640650
60973148
57734326
57664780
62563760
62653786
62599174
59340724
53215932
55719182
98754860
60697096
66698154
68488019
63505838
305716942
273045837
231834583
162665605
95877851
81866562
81712535
104300667
64828504
77514994
134252628
134664787
53047399
55921849
54098704
57594379
57571340
58124299
103532668
107853942
108445728
101642110
108803701
104218746
104542586
104521253
55623182
52217960
61023496
63205465
50421695
55260089
55807501
50778815
57168994
50265109
58292832
53116092
74053879
66874368
58340619
66408875
48665964
53790225
51974334
54655930
60668082
67391060
70626470
73744545
118535101
56740621
60794802
62592774
60005896
55808782
57214647
55650488
52259773
52467560
54438330
67875753
65944235
72536227
67725994
64330158
134557695
57363980
60954802
54992996
62367067
60716295
62299227
62834693
64330157
50348736
56826808
64811863
54134544
58495925
66833407
56509368
53957052
58074379
57367393
63022426
69634470
79137179
89215033
90096524
140955553
141037047
138209956
69743270
51092415
58350432
66637994
58442166
53835878
66184022
68931325
54026598
48519617
63812185
64401837
60541363
53646438
50965268
59240457
63502426
77736007
58309046
58981045
73840972
49196310
51678227
68485459
107138849
74793717
62932399
65076824
60066910
55230649
59303178
82956267
57674593
62332507
58165259
52459879
57536353
119744700
56262328
61525681
58934111
58184459
54077371
58721631
109412554
59816457
50615402
50136256
49734336
149124502
152876604
157775158
54594917
56402274
46824473
121307578
62007387
60093363
62601733
60136029
49253057
50988735
56939874
61093895
53759078
71204176
63100080
63092399
144709362
53717265
50748521
56729101
51324094
57180087
62120028
58262965
52130066
85866557
61287175
51286121
130637487
136463611
55033530
54994703
55578382
80669764
62570160
47349699
57520566
60144563
54808677
55424783
57663499
59028404
112275483
86955409
60637789
51183295
-----------CASO 7-----------
80217923
71883002
67435007
72079268
72203001
146331546
156036067
113355375
71232336
153056231
152980284
153081831
153389457
63287812
65035436
84963304
56707341
72611747
61917788
69590951
71557455
66102102
72603640
221051450
117174037
88802446
93350707
98575234
98601687
139978061
140152140
96543023
97608835
100182058
84528105
84686398
85008105
59971337
60258057
65214636
56299874
47711512
65069996
56371555
124636000
124761013
132577964
82508694
86395623
59474698
58969951
59530164
60427016
56980407
59835657
49471936
54231397
58701152
48569964
56281101
55691022
58695178
58614539
60400989
71651322
56930487
51995240
56276408
55349262
55219556
57326860
72493560
125536266
90061538
91225910
58232245
60277683
57170700
64366424
63981145
49592256
58962271
83665812
93708254
48298179
130793646
130705327
131156739
131097006
54795450
62283441
61707014
59473844
55016463
65026050
57840993
68446633
54877369
64866904
64552024
60202162
52150546
50570602
66629888
58515979
47932952
114985666
117322090
117600702
190098957
52518333
53895185
59344564
64945837
96713263
94721159
82364908
65352023
49796630
57447607
58217312
66241195
50922602
50202815
57876406
60569522
62180613
51645374
63219546
72220068
52906172
67408554
58533472
53958758
59205045
64860930
54661050
63219119
66437888
67797673
64319918
128065543
127920050
56853687
59899230
55775929
54299664
57049100
69546578
62875226
62982319
64809304
62286854
50183615
62120028
63619758
54010384
81944215
92373642
88602767
93434760
51835240
117249983
116968384
119877820
53943824
115434092
115440919
121733390
112802842
56520034
56514488
56613901
78085020
65945943
52342547
64256771
67701247
66607275
66604289
69302098
129615195
129630981
101049044
87562128
52688146
59183711
58872245
62853039
58837685
59517790
53947238
61907548
126369118
67542954
102751442
106702370
78870086
73541026
74477985
78195526
78271899
55843342
59626590
59637257
115574892
98633687
109066101
187533840
95622704
59919710
60617309
65508183
53794492
117943742
100093739
104963705
131553965
95473798
101186004
99205846
57899446
53867451
55773795
59621897
104874533
54291130
57111821
57138273
61382749
56528141
49430977
61011549
53505638
61126321
62297520
55266489
55694862
58432352
60389896
57859339
58088032
194672817
214251246
171319674
185499069
294213170
300409642
300398548
300415189
57323873
57366966
50077376
53532945
56441101
68806739
68838312
68864765
123158455
141892086
52472252
54866276
60071177
65658796
69436498
51686334
62597894
62031281
69302951
63212719
52936039
129243141
140578807
133506389
81984322
82249281
57463393
50795881
57590540
60296030
63042480
62780933
54426384
57829900
106681464
130804312
139098276
138040143
138041850
138444196
59506698
49478764
60247816
63501572
62287707
56474808
58653365
69522257
52428306
48733377
90093538
94633266
58511711
58583392
58634165
58440458
60242696
51187134
65253463
73675852
57830753
68697939
57286753
55723448
79652165
83600533
56440674
78683633
187098214
148356076
50806548
57317900
174938229
57777846
54466063
55754595
57724940
57768033
60410803
54026597
60345096
61136561
53627238
53550012
64929624
60276403
66227968
60967175
56442381
61422002
66477568
49755669
55167076
60871175
60753843
68206420
55134223
54928144
66498048
102601682
102458749
106291064
104900559
105012773
104650106
55918009
56732088
60604936
60511069
48675778
63450799
63491333
60581896
54978490
52159933
149961622
154023483
110751004
238624975
148831383
138462116
148813889
97299075
89427512
90921697
91516896
55097956
63732398
63713625
63445252
50205802
66953301
54199824
75112864
54486543
65173677
71003216
71047162
72743161
61801734
66262955
62370480
64481198
47988845
54192570
54566330
56547340
48427458
55527182
50929854
-----------CASO 8-----------
63714479
69837564
57248354
60157363
57128887
56215395
56381794
125401439
114780439
126159625
126328159
115124333
71754148
71856975
71803641
57305527
56433421
53061052
123795895
133619456
133859669
133835349
133716309
69267538
58610698
62835547
63776345
60130910
58498486
62769840
61832028
61664774
150385300
58846645
60121096
65832023
73822626
73890892
58725045
61430535
80056644
60668509
62376027
78929392
66953301
77659208
77752647
56368568
59917577
62697733
65544449
90585485
63272026
57308087
66068822
67015167
66464342
79582619
67688447
73113933
73156173
73312760
73329826
73258573
58864138
55401742
60851976
140867233
140900086
144274162
137086545
142202698
63513092
57646007
54966543
123283042
114484334
116682090
122238137
124837814
60456456
61747121
56645047
57823926
69022205
102998908
103632081
104968826
190066530
200123904
131888471
136459772
197002842
164377816
163870937
163787737
186284135
66024875
62819760
66320555
66719488
69297404
68738472
57960459
57643020
52823399
60125363
64216237
55525049
52957799
60802909
59190965
62089734
91849269
99166167
61286321
62395227
58833845
57835020
52079720
53031185
66893994
67019861
64123651
67895380
67942740
67856980
57901152
56153528
143823603
174705697
174941642
97602861
110932765
116935957
54867984
55083876
63498585
60296883
62251867
62422960
63305306
57494113
486692497
29258202
62214747
55135503
53879824
58468618
76613449
79629124
96839557
105761144
109686473
117095104
117202624
63283546
62437467
63641945
54367503
60822962
52826386
61381041
54813370
57246646
51784893
56450061
60576349
163116164
173786657
82592321
78436593
59795976
72766200
60736348
62925146
61229148
61550428
62841519
158681824
104962426
138938702
126446344
59464884
60557149
57411340
49342657
70792442
59539977
70737829
71974308
71855695
61540188
110461299
69620391
69672871
69691645
57409633
57771446
61486428
55597156
63141892
62908507
62361947
55039503
180900462
181461101
181013529
181415448
181351875
181377901
177919772
439405944
51872360
51804094
55419662
55717049
55419662
60049417
52577639
52861799
54278330
54522810
53227452
55750328
56595555
60543069
59423497
82701547
56489314
58463499
58431498
58455819
60019123
62177201
53730065
62332080
76156063
79668805
78476273
83308266
55062969
56825954
58597899
56720994
57396833
54937530
55287822
106664397
111231004
109228660
111248071
60098484
55085583
61545735
60961628
58022752
56405261
134019669
127489970
54505316
63433305
54278757
64494424
58053472
55342862
54721210
62788613
58501898
125023840
58524085
56764514
67472980
48962925
73008120
50960575
135276200
59227657
58425525
58507445
58408886
57235980
60971868
50646121
56122808
58720352
63117146
69176232
59187551
59185417
66383701
61768881
50501056
173779404
220396944
222383929
266825899
253118822
253173009
232869248
235284606
58291552
52627986
54656357
52806333
57759926
55326649
61207388
58729311
50430655
56093368
53072573
60100616
50619242
66318849
59298058
61988187
58006539
54030437
181768727
98226647
98501421
100724778
56687715
57416459
50006123
60263176
79034778
59420084
54118330
57757366
60677043
52320787
51894973
52775613
125744906
101907496
121237605
101687336
97384409
77001715
59545951
70251430
57324727
53011132
56996621
61520135
58087179
57186913
118755688
125134347
80728216
86283410
77339208
82661440
83914132
102335869
128855301
64791384
59490057
60208137
50893162
49039297
168050131
55696142
58240352
58254433
52040893
56056675
57162167
61992027
55478969
67328767
69090045
69700604
50609002
69745404
73321293
62504880
62682800
116830997
57723660
53339665
53302119
55284836
49507777
56370275
63203333
57442486
57093047
58606005
63068506
64671064
51239615
64158638
54752356
67049301
56654007
53479185
102986108
-----------CASO 9-----------
55886862
56156941
52261053
210714611
215492417
203288913
199268439
201075796
64181678
69802578
60035336
68406952
54648250
60576349
62950746
63102213
126655411
109128820
107187063
53753532
55617208
72243108
72236281
72214948
51810067
127394397
134500521
59552350
65290156
66103382
83838613
80048964
58541151
59173471
63649626
61781255
64059652
80426990
63649198
63762265
65623383
62637573
68681299
74824011
62810800
55760142
58782645
55797262
83691413
89969805
78238194
77506461
64831064
56015288
61418161
62393947
122125497
109279007
104386000
118326888
100048085
56681314
133838762
134724521
51028415
127679837
130863620
134305962
131023192
57119927
56768781
65488130
62387547
66088449
57547873
62882479
66668288
75614623
72625401
65936556
442007328
270990587
260440413
161248220
161249500
88580153
69576444
56596834
65737729
65158743
126576052
129494021
131438765
117594303
119704167
120625339
56769634
60779442
72728227
88637326
65311490
73916919
70503590
49681856
51705533
53681852
64085678
162018779
182905792
115362412
115685398
99415766
59765257
58651659
54556090
53598651
56359181
58209633
112039537
95308678
62459227
63952131
75531424
57375927
93514121
93642974
59478537
97653635
106815010
54894437
59551070
51690174
88934713
89018339
65744556
53786812
63623599
65692502
82085868
92743988
92879667
92799454
53420731
53622119
51760574
58932831
102666535
102666536
282154732
282176065
53373798
56443234
63347546
51469161
50838975
55708088
64907863
64837464
65061890
66844501
62278321
110768498
203494566
210127518
155567161
155429347
155736974
155525775
155833827
225125259
60697949
65855916
61189895
61290588
61265842
60159070
54748943
55966648
53727078
145040027
78275313
63231919
63275013
63188826
63193946
63084292
70259536
60328883
119063741
91734923
131146499
125105333
118843582
51519081
51374441
74754465
122257337
97544408
99941846
102646482
83791679
57827766
52377107
48869911
57814540
58221153
65426689
65368663
68307113
118685714
56144569
57603339
101625897
101140350
86799249
86962236
58395232
58180192
52352359
54395664
46521113
65528236
54983610
116327104
100204245
122258190
61732188
62056881
60030643
49795350
54213051
59495603
112397510
128158129
94512519
129071195
115205399
209708958
169995302
124077068
64413784
61467655
64466690
57975819
53362705
55440143
62178907
56055822
117233769
101139497
77583260
58124299
58366219
53246225
54835984
63700825
68726952
66597888
63506265
49762923
54945637
55903075
61450161
50588948
51874920
59624884
74776651
58464352
62652080
53332838
58811658
119900007
87474235
56108728
126304265
67669673
67682900
63711492
62509574
55381263
58227552
52137747
58547125
64668931
56153954
58908084
57474487
55134222
56988514
56680888
62673840
48882284
59427337
48828098
70166950
62127707
61784668
133754282
54370917
52091240
55208463
50565908
54115771
52685159
57568780
63308719
62025308
77520968
56040888
66198528
51595454
106203171
86637969
52898492
61351175
62491653
49373804
54367504
59848031
63405999
61185629
58948191
56297741
52449639
127358983
122843150
125054987
130801752
140662007
62840667
99885525
92412468
68331006
67769087
63891972
55395342
57124193
54814650
49978816
60426162
53202705
63319385
72586147
61837148
50583402
65909675
169005437
153173137
62071388
66655488
66288982
64824664
116836970
96240517
147220291
147262958
96289157
79815151
80051524
81037977
58727605
84516159
79159792
66960981
62561200
62559493
69263271
60859655
55912889
65584129
51519507
143329523
51054868
59448244
62142640
61767601
82494614
64054105
68594686
59175604
58016779
97422382
106183971
110689565
104928292
64626690
64999597
50393109
53875558
77600754
82993387
66091862
56976993
54197264
61191601
49810283
51962813
49030337
46144368
54334223
-----------CASO 10-----------
150927167
59624457
61701041
67736234
95731505
102669095
72355321
71819855
70781349
65925463
63101785
65694636
70209616
56434275
60808882
62322267
63717039
92631775
92755081
103445628
102862375
67520767
74688757
74872651
56750007
58541151
66776661
57402806
74267212
64946691
177018227
177071133
71601829
66242475
59208031
59204191
59820297
66790315
57963446
57018380
64735064
271398906
146257306
160162355
160392328
160335155
119612860
119812966
102628562
58457526
53699345
64275545
65232983
66712235
65569196
68505939
69662204
59233631
60610056
60590430
82360641
89143779
61751387
65829036
69081085
69905403
69986470
60549043
60482483
61519708
76627955
55744782
60639923
62837252
68391593
65875543
56012729
61514161
54415717
51587774
49614016
69709990
69715964
70188710
70335057
70413136
52561427
68118526
77706140
84669331
82680641
89589645
94685319
62799706
63763545
62771546
63645785
66635435
61619548
58134539
57401100
71242575
109351114
65654956
61560241
65759063
66029569
68359166
54502330
60052404
48811457
50168683
65305943
89329806
148417090
148659010
148746476
140115447
83485759
70697723
60739335
123951201
59393204
62806960
63658158
68993191
69021778
59937203
61779121
60757255
64644184
64720984
64899757
64983810
53516305
60252083
88945379
91139723
52681746
54841957
54857316
53504784
64535811
70016763
74102945
69772284
52337000
57708726
64039598
71584335
74518945
64384771
60990642
144260935
65845248
64709890
54862436
64614744
64709891
68601512
64719277
64353198
69248338
61889200
63735812
62018054
60780722
67964500
65693356
119544593
64529410
60769629
55802809
52670652
141655712
59859550
76603209
83238294
83268160
57532087
57849526
61765041
102156243
101580670
62761307
62770693
67722153
68096340
56469261
115386732
58752778
65762475
57941686
64726957
57773579
57634060
58567605
62495067
58774964
59740510
90417377
67700820
58219019
85249598
57952779
52304146
55047183
59743923
137491451
137796091
128009650
122759096
139779235
50341055
114541080
166643413
165900161
198793132
105395919
139351288
123365815
182308033
55681209
56692408
61223175
51494334
51932093
52204307
205410724
206354082
214509379
174181324
51242601
60340829
58173793
52291773
54768570
59979870
60562696
63138053
61067869
56855821
55739662
74739531
62626907
50821908
54974223
55326222
94916572
113252549
59734963
59171764
53174972
54957583
54200251
66213035
59954270
64029785
61043122
84271252
54718650
54981050
53259026
74713505
51907347
56607928
62446000
107574050
109304180
53550865
60819548
61489415
104840399
110365725
51171775
60135603
62822319
56217102
61235122
60102323
63504986
61473628
55112463
93402761
90145591
62864559
67740073
61638748
65064450
68801192
53365692
126218505
147230531
51163668
52164626
58894431
62841093
62829146
57831180
98383661
100272085
74698144
75167477
263694596
254404368
254471355
53661798
64953943
66745941
140182860
131542872
50770281
67607807
67656020
57245793
49930176
55662862
49704043
57915659
68330152
50708842
51601001
50590655
53399825
55468302
145211547
60273843
62479707
60324190
52017853
51525481
65206956
59832243
123793335
100844671
104508453
100896297
106501837
112887748
112873669
112777669
48076739
60256349
121725284
100729471
100834005
56501688
54488251
56535821
51657747
55254116
52517906
64256771
83887679
72260601
66329515
60952668
122583736
116430357
63941891
59965363
64764504
64912557
122229177
136543398
81482562
55742222
53398545
50642708
62692614
50460096
98338861
90394337
137624570
140310434
238493561
81368216
95227612
141900191
142050805
141824672
50434496
56856674
48110445
59484510
59489630
49330710
56853260
57394273
97143769
101822163
112150896
49181377
56413795
54934116
56799074
58807818
70739537
52081000
48471404
