-----------CASO 1-----------
117461610
114390040
115732759
122212110
133589162
129698821
147163972
124618933
183902911
186311868
195969883
199300865
118884968
122598670
121194938
121398458
130644739
135383720
144522055
146273946
143055177
162659205
136036945
127011250
110943858
115817665
130092633
116892011
117335743
124396214
107828342
119500221
141868619
141386059
145611760
141323765
187228774
119332540
144489201
191706634
119422140
123307789
128012210
118848702
121104485
111921777
125379253
149630956
140291234
142669044
135635026
141483339
135315880
123212216
241526304
105447972
114557294
149594688
159867529
146645999
147191279
131464791
133503829
113714201
123316323
112729029
119759633
132328791
124902667
117778623
130531673
110625992
110475805
144396616
139671288
140563020
152522045
169778983
153037457
134123348
129307994
136464892
133716735
138298277
158656224
160749874
156330040
194764977
127591090
128892848
122792376
123679841
128459782
141596833
130385327
129756421
110009459
312436933
312237254
245061659
257763083
259991987
113872494
118874301
136996944
112542576
102655015
172389753
163226671
140352674
163564164
172751565
190828129
189125732
158217611
120414992
191220662
191948128
207393441
207707894
179771503
198915158
122999736
100426964
112624496
112604016
114963053
114851693
118860648
121468858
108446154
125726133
125512799
145342534
123098722
120459793
108652235
108368075
112336496
167198079
175778761
174270497
154684389
157645452
130035460
128391943
123146936
116599317
116987583
116772117
102331176
107638049
122221924
121255525
117470996
557196087
557821579
604010320
229030960
229113307
229516080
228835547
226696243
169115517
125723999
126781705
199279531
187642640
185219176
190425783
197240494
103631654
113866521
115375212
125341279
121352378
122344803
125790986
130450607
111660657
146938265
139760035
128735409
129947140
134922921
125254239
115981932
114086254
108946634
107993461
133697962
136288252
211945115
221350543
224126860
219401532
110580339
114250094
114633666
118434409
103329148
110683592
113551214
120896272
122290616
146861465
185944935
116413718
118198462
128440582
128814768
129852421
129669380
103853947
115533933
127250184
119416594
122417764
138489423
205604857
204994724
214785005
178744945
113756015
116944064
127438343
140382114
118681874
116154731
135446867
137284091
129119408
140826273
110003060
136856998
126664798
103067602
115226732
127876956
114033774
124344587
123061602
120143633
256980151
225864244
106602103
131031299
136263079
122265017
133386069
146839279
147046638
123027469
116340758
111329138
113787588
103847547
119340221
130448473
122858509
142424565
114225774
120250299
126803891
124727733
123098295
118539795
122270137
107847115
178430918
182284994
166591360
166331094
166929279
212585541
212182769
219021373
112845508
110029940
117498730
123436215
116479851
113418521
122477070
133730815
117575103
117275583
104214053
102262482
105160399
148886423
117691156
149387329
169007143
266916352
301912360
297819352
185601896
125119413
127099997
108431222
120128273
201683369
184495550
264492462
249380801
177379186
255827299
118539368
110977565
117109610
113361775
122399843
130849113
104795599
133817856
135478013
127799730
116646678
125066506
111563377
118585448
124408587
117068650
113919428
114436974
110549618
117046037
127874397
116551957
119348327
120787472
146737732
135967826
148415383
154293562
203346086
202359208
205399204
114092654
120487099
120617659
122932323
133500416
169790503
169677862
176466121
163180591
261769905
267129258
262028465
261673052
219809425
217144042
217015615
255159567
111061192
115998572
105093839
101237631
108344182
197970946
205011791
171204047
130756953
166662187
172892365
173198285
172962339
118394302
122861923
171517220
118888381
170456955
157511051
158418144
161069447
175993801
183246272
172957218
171037222
198528173
112225563
115768599
151684925
154251749
166805973
175139616
125776479
130742873
134992040
135645693
111763910
121962084
132886017
127711410
137444091
143228403
143876936
150646421
-----------CASO 2-----------
278974790
305617529
289659789
275160395
193101832
299334017
200542890
213091141
203173714
161664220
167582506
213308741
133583188
120154726
120988006
130447193
168222931
113789721
125773066
125073760
135287294
137564411
137677050
126200158
164912002
211317490
121552058
115906412
110276125
115662359
109873780
133524309
124578401
153299857
186334482
115799318
126931891
126689118
126950664
131504899
130561113
141239713
118257768
115971265
121475258
124823306
120444006
124432908
113417668
134364841
132743510
111184498
121943737
124040375
111292870
110052979
156878733
190751756
105680504
105494905
103123495
110321352
117600276
116734571
113431748
115702465
201359955
202348541
187940879
208688373
190112183
147726745
115006146
121472272
116420544
124641547
117926676
117658303
118304275
115249346
132857003
123863308
155745081
200948650
194888284
182052034
181826754
106601677
112043804
116782784
111208818
224728886
189001571
188679012
191188235
190784182
109687753
108323701
137987664
126615731
111393138
131035139
134724947
139034702
242523849
241105185
161102300
113965080
186601574
185061310
185298109
185157310
101492776
102672509
119392701
126353758
117172330
119809980
120004113
122268003
111024498
114410946
171477114
176879560
198768813
231026478
231189891
200544597
193897139
194816178
106617037
119178515
109901939
113878041
123541176
111690950
112179483
111117511
215898177
232574849
172466553
172389753
172600952
178171932
108018635
107183650
169150930
183352938
158234677
161337393
159288543
159080756
108940234
113059269
127461383
183408406
129263195
129309274
134036736
133933908
148109037
129708634
119739580
118876434
109407433
109513673
120025019
112199963
116135104
118834194
121286671
222511502
290178189
212923887
288787684
212449861
111512603
113590041
122211684
115991318
121887844
117439423
119672167
133192363
204191739
216854762
132153858
140100514
115475052
123491255
139480568
139693474
181945367
182457367
125173600
108598901
110466845
113811481
115484012
115838145
145860506
145963760
159584223
174091723
111961030
117969769
117729982
121139045
121874191
122044004
116915904
109278154
113107482
111027058
113874627
115239532
135792893
139079928
102880295
115449026
112500336
110834205
116930837
119539474
162927578
182714646
184159764
125878879
124226828
112895002
123019362
125715039
125057547
114660547
106008611
115667479
133836202
120354833
114603373
119911100
111047538
114520173
123422135
174509430
261642331
246439365
203754406
204466512
102357203
120227686
119717820
295855408
285812114
285699047
132562604
124586933
119628647
114871320
114981826
122343950
110597406
129627567
129878021
115167852
113436015
114297453
154160443
107531382
111669617
121637391
137444517
157472225
180794222
191385355
184470804
123039416
137535824
143423816
132076631
134916520
123608589
127646984
125573385
107171703
110663965
112377030
128940635
157998731
159596169
159373023
137634384
115414892
107078689
111247644
109744073
113035802
119868006
121351525
169952636
154186896
166291414
156003640
158300811
112392816
132238764
128793009
140475554
122381923
118488595
128958981
127228850
234255487
217773801
300952361
187132774
188048827
188224612
161075847
116616811
123961868
110387058
118524862
117715476
123395682
198164653
178322119
119666194
122798776
209928265
180878702
180583449
214031513
192417461
116007105
109220980
104082640
181737581
180072303
182889580
199946411
177124040
193466206
139190861
143914909
172891939
170182182
173850657
174386550
180158490
97346436
182191554
182471020
187048294
186957414
197824174
201465342
202517074
202616914
171538554
172454606
196435802
196894469
200107264
204048379
211756529
213482393
131390979
129310128
113047322
106079864
114906307
119719526
140381687
121336591
137282384
120180753
196591961
207515895
220706704
226386910
199097772
211968582
115001026
114683586
131096579
130969432
124144055
142533364
135552253
120686779
191489462
206244429
208477599
204622672
204790778
181796887
183731818
185117630
175328202
190374583
-----------CASO 3-----------
151111913
148265623
158862730
160242141
264960087
222257209
191406262
191388342
171553487
171861114
229360346
229544666
133199616
149140716
135670440
135682813
184020245
200641450
189642850
190220130
120005820
120001126
213179887
215508204
120797712
127504477
143984883
150011115
124579680
137574224
135043241
136021159
125987679
121813177
121009339
125974025
128045490
130180100
125263626
132225964
156322360
177610012
140707660
146176666
179503557
257297591
114107161
211154930
127699037
149554156
149495275
149572929
149483756
162192859
220266811
167823145
141744032
125081439
133380096
133277269
133382656
159263369
392071179
323767479
131445165
133545643
133652309
133627562
133592149
142571764
137834064
115479746
220375185
168979410
170772688
170837542
170837115
142453151
146683972
162831152
295649328
305266382
311448775
305545849
310097523
243783794
137732944
174080204
387158544
326938034
329021019
372728269
373711309
200815530
128366343
117836222
112578416
127094877
126975838
127943942
181363395
183046593
116800277
181367662
185349736
138488569
154293563
154227429
124314295
127754930
128097543
133043456
111230151
122203150
117843049
124792160
110486472
125242720
117251264
134307242
120898832
129481221
105834531
129766233
131774978
128051462
140585633
204204111
214111299
200996862
204305658
278611270
278592070
280891373
192629514
114295320
130070447
154858042
158769716
137245691
137366864
137134758
113606255
132596310
151363219
156023694
245614619
140767820
162482565
159786463
158228278
126639625
125269173
135443453
131027459
117579796
128591195
136718331
136584785
129718874
121792271
130632366
124562614
115374359
115462252
117398463
117654463
120765712
121833231
121591312
114201454
121768804
112688069
130931032
127701169
124195681
150452714
237909882
202911740
201323262
108299808
110705779
121138192
121339152
154907962
182317419
161361287
167957118
176594547
136924838
133006763
146792345
121671951
178925851
184425577
192519860
147769411
181205528
179042758
179052571
186725735
157403106
116748651
147622211
174918176
133479509
136162385
137687291
137374544
123498935
116340758
131134552
120275473
130332420
123901708
123677282
132169218
126724958
116278891
113241455
112479003
209650078
205922723
202645927
198326359
126912264
134800041
131091459
132172630
189305358
186794000
186469308
187940880
276487327
128583089
129976580
133351509
138125049
138197157
138244090
149220076
122051683
190751329
191482635
188747278
147531331
152068499
162851631
121598137
164781015
112405189
127023624
133605376
256051299
195651590
260210013
238499108
233007915
330016858
206728269
213007940
154919481
208600052
215574337
207649014
224491232
158864863
175120416
178897265
110256073
185730322
189218745
189405624
322141028
302948732
352228669
312331547
109688606
200321877
200809983
201253290
133733802
162241925
162976218
114758253
116973931
279481669
278320283
280303428
288432271
178437318
183710912
158373344
143508296
106138318
120054033
125356213
115429826
113588334
121392911
114738200
296765914
297854765
188470799
188469518
157059213
116103532
120551526
112735429
123353016
137795663
135526653
137758117
135343187
210751730
188133306
219147666
132444843
127807409
125823412
132868096
119078248
113570415
134353748
143437043
174450550
217324095
217371455
227399816
206934775
215328151
187857680
122181390
115690519
178138225
179259504
189072398
111692658
119300114
117750463
134172842
191250955
177022493
179144731
188883812
199989931
121169765
123677709
129016581
108892874
144080029
142244085
139413582
147184878
214882712
218624574
191656715
138779982
127140958
122411790
221693583
225473845
205903523
205836537
203662673
138969422
141532833
149619862
221283984
225719605
238344655
176897481
201926995
126610184
134417321
137031504
132968790
157421879
195117404
166627627
166935680
144199922
122858936
125291360
110588445
118457875
122380217
120841659
120720913
111277938
143433630
131764312
149097196
125235040
135814226
108203808
118764221
124443148
109695006
118969874
-----------CASO 4-----------
184173417
295345115
158971103
119848806
128793008
128612529
128996529
108858740
174917749
129509381
129143301
115376918
106449357
129328048
129142875
168580477
222349369
117212437
119333820
171801806
175572255
177588680
179892249
169669756
117674090
141088673
143484830
195513777
206591736
221129531
219629372
224456673
186794854
133326335
140964940
134071721
136641959
144491762
144734962
159880755
111017244
119862033
123916642
118327742
114559854
190742796
193773406
176941000
190087864
105007225
109465460
120746939
118171582
174118177
174216737
191478368
196164442
120382992
114017561
121351525
132047617
138389157
131918338
260268467
260525320
221801103
224564193
117621183
120112913
128383836
117405716
108725621
112604869
121322938
123970401
110042739
113387374
120796859
113917721
122073017
124975200
164645335
169334396
160609075
162913925
99492566
147206212
192464394
201071102
203905872
214787139
116193984
119798887
119769447
115955478
120336059
122204430
121654885
105594319
125049867
114422040
143559070
154960868
163623044
172391033
168878290
174266657
231127598
233554474
238459428
238563108
134052948
181008835
175170762
180546329
119205820
122012003
109815327
123829601
102872188
144923974
145435974
176469534
116546837
121668537
126532531
143582109
147136666
113060122
118613182
118821822
175352523
168597544
147357678
111507057
112006257
106512077
109009780
115076119
120719206
120542992
144472989
152061245
154258576
173718818
175850441
184287338
223272674
223386167
282307479
194190259
191696394
176749427
176669641
155560335
117777342
117779476
109450100
200143531
205514830
110320499
115650839
114228761
116691050
117527316
114032067
126323892
127734450
136979878
152533139
120273339
102599122
117971049
127448583
123113229
126832051
120000273
202497021
158308490
161000754
119215634
131945218
127799303
137702650
164172590
217908628
223951927
203148540
116103105
122947682
178735131
109442420
119605607
126850397
129457328
132863404
125729546
124514827
108509727
109217140
117972329
111861617
106102904
112875376
111699910
120351846
289574030
289227576
191765941
180023662
172367566
176499400
184412778
472292516
177628359
177783239
179825689
177485000
113732548
114984813
114259054
114741186
120695739
127138397
125843038
137374544
141986805
127027890
120114619
114102894
164451630
194671111
197557933
181513581
230341252
318733672
316136555
322888120
157133026
118055956
125665119
195183537
369502674
333191254
386355559
386489105
299351937
262073265
292882825
112598896
282279318
278577137
271744079
345941317
203058940
204923471
176452894
105750052
682362006
105865677
105135226
106451917
124208908
123471629
116227265
125642506
125066079
115760918
123780961
187742907
193701725
200314197
110847431
164379096
160216968
163169925
163937924
108531488
108426101
107829622
109168500
122050404
126227038
119166994
149338262
138966008
129421487
130611886
169237117
129178288
104565200
199256918
188641038
183470698
179606811
181531928
114985666
132777216
144082589
116484971
117476970
170794448
171284261
175516789
170933541
181683394
182821739
187948133
186931814
104606586
126388745
127608584
135437907
101619924
122941282
131654659
131779245
153179110
171457487
172479779
174741963
216346603
731606103
731757143
737586256
479003547
104516986
151809939
151303060
119997287
154573882
148017731
161880113
255056313
234414634
114358894
114940439
102151123
157499105
164001924
161637340
221304037
214831512
157091212
158498358
165930028
116589931
116524224
108159008
107890209
127836849
121000378
113879321
104913359
160792114
161162033
160545502
131426818
135896999
171430181
180821529
187351227
122637497
116297238
118962194
190851169
191089249
206181283
134963881
135383720
125758986
116635584
137416784
104301947
105552079
111927323
181739287
197937240
198088707
112532336
125996639
129161221
130526979
114400707
112347163
112856602
108625355
158882784
143327390
143311177
144611228
161332700
107937568
113235908
105236345
108595061
119076541
112257563
107079970
114066200
-----------CASO 5-----------
167620479
162498352
178333212
123322722
121104911
124345441
121587044
129302874
164647469
154449296
119583847
113608814
159941768
185636029
196617135
185478589
108265248
203887952
130505219
278132550
112281883
116077078
119234834
116191852
116620224
125627146
157050252
137447931
120703846
131780524
130381059
137519611
211186077
212496795
230441092
222470115
185902268
121235472
197458520
141514486
197453827
199000065
125602826
113289242
171065808
165605335
118516328
121355791
130016260
152739645
140016887
149082689
198064813
251831998
242103583
245829232
258088629
190355809
140490914
143567603
134536361
127553543
141007606
110808178
133363029
164778883
174719777
186419388
170500048
175689162
173457272
163734831
149910849
180779289
187446373
137668091
110529565
106706210
109603700
115026626
115385879
121695417
122562829
127872264
121526032
113596441
129936474
136158546
126654558
117534569
120493925
128466182
120670992
123497228
124358241
115278786
131979351
129473541
131177219
128596315
122513763
126509919
215670764
190367330
179500571
289348750
301099561
275467167
123633762
123498935
112055750
125114719
127194717
122825229
118586301
119540753
136503292
129362181
116621504
195034204
195037617
220529211
250383466
524072715
513745262
551186921
579956591
568600019
552021053
111516017
119559953
118996754
108657354
130491139
137979130
142436511
163774937
216378177
255888312
255895566
119630353
117607956
124635574
135354280
139252301
124555360
126479198
129543941
121289232
130606339
153313510
163578671
184790377
123139255
125291359
133760683
133898069
197734574
118550035
121589178
135489533
138561103
142758644
135574440
118570942
122578617
157819104
161460274
161453020
179859396
181612994
219540199
222636515
161360434
120522512
125078027
127478450
150460821
141829366
154608869
148868929
143876935
183196778
221447397
209710239
203164326
219890918
224193847
224271500
207793228
163431471
118538515
122254777
127638023
128555782
120620645
228447281
228370055
108686794
118862354
134288469
139652088
139717795
136496892
116497345
122403683
113512815
116531477
116568597
153104444
154778255
143116616
143111497
149543062
119922193
127505330
119352167
120327526
125407839
134960468
137969744
121173178
134258602
135350440
135937960
106829943
133094656
214772632
216327403
213345007
111203271
120139366
106468984
109651913
200524543
195754843
131263405
135731880
96861316
111204124
115216919
114662253
182361367
185287016
184614163
126315359
127324850
167958399
165006296
165078828
251049065
168561278
150366101
140680780
140647500
144889841
159980169
159946462
124930400
115993451
122253496
116641557
107748982
116884330
193735005
185458536
250280640
216625216
193382579
194892124
169005010
112684656
109990686
118136596
113033243
122956216
132192684
138569209
135403347
231132291
231317890
233687168
378338076
383337322
357931915
148904342
161700913
118052116
134088789
134135295
117751315
130851672
111380337
117951849
116094144
114953666
126799625
122789389
197098841
159267636
99579606
105284985
170119463
209288265
235618685
257985803
271855865
287189819
175724575
175179296
159540702
109936499
107542049
129288794
114634094
112243056
138712142
137231184
230226905
248541548
238083109
125848159
125095520
129376261
119199420
129790980
128982021
156079160
153440230
127267250
139399928
136016466
109566153
118969021
106208717
106730104
120952592
108882207
137389478
137400998
179344411
190083170
182961685
142224884
140838646
148944876
106004771
122784696
104868559
119321874
145106161
127133704
120650513
122139578
113979161
115692225
152491751
186538001
194047325
111487430
114035054
124529761
103130748
114528280
107169142
124214881
111844977
134826921
113070362
120203793
127729757
120537019
118754408
109579380
128059996
168519464
159152437
164195203
116044225
115719532
114246681
104406480
115082946
125367732
123142669
126368265
110500978
140071927
107399116
112285296
115659372
121119845
117297770
133558016
133405269
100872404
121548217
125704799
114716014
103014268
-----------CASO 6-----------
179752730
192647007
190833249
185203816
134631935
132747777
174798709
175657161
122611470
134622121
118625128
119631207
127914076
131677271
236292391
238415055
198047746
202251688
135579133
136523345
125330187
136012199
173645858
176295881
125425333
125408266
112324549
117273023
172571086
311592561
417345172
401436927
223040568
229834373
216322710
181038275
200111103
173544311
128933808
110601246
113613935
111597937
127198983
128361223
129020848
175652469
221568143
159105503
162174086
226112137
130925059
154345615
140320674
125521760
120516539
150600767
165487148
172483619
149984235
131673005
126040585
115943532
125743626
163892697
165818668
131530925
135822333
142078112
119797607
124702987
118560702
196912815
193417992
195285510
190354529
201576702
122860643
124593760
145526000
137834490
122813283
121650191
129561434
132072364
106944289
116786197
115599639
127414024
147443437
140221687
140772513
110053405
127502770
123520695
126626824
136071932
143081630
122721123
125092960
123434936
133323350
133360896
210345971
101613950
112624923
113693295
114660973
107553143
114500120
121593871
113632707
166454826
152577512
166480000
153511056
183116139
197360814
162486832
171331621
111696497
111008285
114902466
120949606
117170623
217740094
217776787
218516201
126573918
121744484
125825545
133558869
168806184
193154313
198287106
198243160
261505799
225539978
221005370
224790325
112809668
118026089
118784275
122422457
126652852
121710351
119423421
131726765
144553202
146422426
149447489
152727271
153474364
121497871
128406022
145336560
120449979
130566233
191406689
190436450
111567217
185477736
114588867
124647520
129497861
129399301
128918449
135190440
126535518
128134236
128363356
167661866
136423932
136193959
116298518
191362742
204181072
193090313
204294991
211291890
211392156
211175837
105719758
110687858
178459505
184866324
185991868
184815123
159662302
161270833
111526684
146588399
139619661
133619455
147664877
135590227
111442204
135211773
170814075
155908920
157946251
175464735
176755400
188452452
183783019
193567753
127691783
123481016
129562287
115793772
116568171
162023900
259843934
419439677
250234560
198994946
202602407
208984052
347556675
357576502
331854509
127113224
281961453
267239337
158332384
179392623
169090770
175460469
107857355
184568084
167945598
173930017
174770123
174788470
176445215
175119989
157594251
119591954
115113666
118574782
106777037
107371382
108365088
113331481
102127229
108238368
109966793
158781664
192330847
176363721
149546902
180179396
190120289
124435895
124727307
184627391
189896717
169356156
168899198
164178136
193215753
182346433
188941412
114194627
111073138
155136655
152107752
158723637
149316502
202232915
213318127
128904369
131175513
111430684
107355596
112714096
145380507
195291910
196114949
181131288
183004353
189089038
182508566
184922644
166195841
108094155
117167210
106627277
130365700
144023709
139032142
141265312
134515881
120432912
108105248
158072118
178310599
184975123
179425051
179539396
114983959
114914412
117848595
108457674
115376066
127851783
126917384
142520138
133715882
133756843
133989376
122790243
116041238
100063872
103348774
108640288
115945665
115751105
123774135
114499267
103993040
133104469
131243352
150019222
113649774
117668969
119436221
108272075
173259298
150432234
148951702
129563994
111677297
128764422
107306103
123238242
118326888
116986730
122635363
113278149
112329243
171799247
210008904
107103010
126779144
106556024
112705136
111100444
199444652
237303163
118923368
102098216
117599849
122653283
122662669
201880489
199834624
118322195
114021401
174901536
148345837
149591275
149474368
169711569
133496149
114132334
128392795
109936073
115002306
124181175
125966772
127309491
213961540
209744798
116676117
117319956
121865231
131895298
143104671
117562303
116267798
180803182
187100348
107933729
111923057
189870691
190241463
178529051
189083918
153484177
133101910
126764638
129751727
113084869
110858524
121515365
121130085
111364551
119747260
165300695
157681291
-----------CASO 7-----------
142586271
154036710
151841939
161619846
160021555
132521217
152634684
222639502
238234575
174211190
190179170
186166802
186265361
198826412
167129813
231466797
122057231
122681016
137542651
145655707
145656987
134601214
154520549
143119603
291970613
303178705
303328465
305393102
305448569
259146335
259631454
169697916
175444255
162962565
220446865
206472696
210493597
228357681
197502468
171349967
187175014
115696919
111821937
114891373
116109504
115703745
107898742
187153681
180507076
172712313
136990971
159380703
159182730
167198933
166857173
115549719
121110885
248441282
240697292
270336507
150002155
153920656
159602569
155816761
123521122
118332862
111628230
110300445
119639313
119191314
123188749
119631207
120304060
159297503
160953821
220798864
224843232
227618696
227706589
117439850
150690368
190211170
192961460
141751711
181633474
217969641
198724866
218147561
218168041
109930099
114948546
119466940
121950564
110753991
110375539
115507052
117712916
108971807
110215966
113676228
119053501
113971054
122651150
122581176
120068967
133480363
145777307
130668633
131661485
167731838
298766124
296804740
291706933
106861517
109047327
111708870
132022017
149686848
162709552
149637355
164129923
141000353
140025848
139704568
155372601
129758981
121107899
125871626
129128368
123782241
133678762
132854869
144691869
131723352
151479700
139436622
111855644
122372964
120808379
123885495
112043803
129779887
130029914
161368967
185738002
156852706
167221119
145927493
169979089
118421182
119734460
121952271
124660320
110247539
138075130
115260439
122734349
171349967
168114558
175928095
177364680
129270875
124001548
123879095
124291254
160638088
184408938
199766785
200781823
167492053
205880910
207643894
206373282
119673447
111485297
138332410
140432033
138940409
134980094
134748841
135312467
164307416
175532149
173272525
183320085
243618248
153111697
107062903
113777774
110425886
110631112
122193337
123150776
116588224
267493631
250807146
257096631
167617065
170927141
181529794
174048204
178060145
126647732
123523256
123266829
140461473
134569641
146498372
204278778
224322699
162727898
165646721
171879460
121602831
127486557
117864809
109426633
198338733
184290751
191241568
186011069
145370268
153394577
165459415
165556695
134999721
165127042
159267637
168161492
115095746
126087518
108173088
122460857
118280809
135590653
108087328
145895066
129170608
131245058
128077062
129677060
114551320
294875783
292743305
435635496
236376018
362279643
358874847
358886794
362593669
81515416
128026716
116689344
107819808
117832809
118155795
117261503
117238890
162634459
148639810
238890787
171809913
176805747
171820580
119521127
137242705
115944385
124107788
141342539
113389508
113908761
114978412
134820094
122895629
196985774
197054041
119543314
151603432
151568446
153523856
152723004
151393086
112050630
124644534
115491692
187818853
183593579
170355835
163485657
175972468
127169970
119633340
124709387
119178515
119053501
132636844
122215524
122999736
111133298
114239854
216906389
240440439
272860664
268733949
281806999
267543977
151947326
108784074
156484066
144428615
135684520
144005789
157811425
156115854
112605722
122218937
126370825
139175929
110962631
141086113
140143607
260423773
274065142
261915825
107609035
115738732
121017445
129857967
103174695
124524214
125563146
126689971
485859218
365029079
322063375
302467026
307727393
184669204
126400265
120702139
125492746
125619893
129843460
141290486
141642912
109339593
130285913
135979346
209462772
187434426
192475060
177847239
180901315
185561789
133005910
220094012
186773094
186049468
186243602
177505906
182972779
169438930
173213219
129540100
180306970
177950919
181960727
116571157
123510455
219502652
217923988
173602337
105002959
117302036
113918574
118323048
149498262
135388840
138042704
140554487
107510049
106987383
116923157
120668432
118449342
125640373
115904705
121919417
162619099
137437264
129988100
129307994
135885053
142013259
138049957
140225101
140882593
105327226
115623532
121386084
-----------CASO 8-----------
148431597
133833642
124995253
131367939
150634047
136596305
113133509
113310148
189637304
186225682
190324237
160472541
255236793
255256847
255249167
195611057
153839163
184324884
187768933
184444777
169777702
201402196
174445430
197173934
137773050
129217114
144878321
139926861
113316975
124281014
134381481
110483059
121527738
207844428
207873868
186816614
196199002
184154644
210140317
201550676
184189631
179434864
187813733
196946094
187864932
191641782
200034731
165750828
119742994
126617012
127571464
115341079
156358199
152311698
155146468
139492515
219452306
180716995
133666816
133725269
133627989
133632683
133724843
134806014
122278670
113981721
114745880
118721982
118696381
112456816
114803479
119808273
115803585
112541296
111683270
122037604
124907361
121422778
115698625
120988432
121896804
112742682
115582572
116560064
140694007
141188513
141249526
141499978
186432615
249999467
286280594
324075959
348263661
391873631
353559014
353485201
364502147
185649256
157655692
215836737
145827226
139748087
143574003
176356468
199183531
133570815
114304280
127655090
119868860
125387786
122308110
121899364
130270127
198272173
195539377
192299701
192440500
157985504
159073503
118898195
117761556
186011922
184697791
195796656
197159427
197247747
195803483
169694076
123258722
118207422
134463402
134496255
236289404
236272338
239892173
169505490
174402337
179940890
132038231
134016682
118033342
118132755
118214249
113043482
563187759
524356022
134560255
123689655
118870034
114941719
122593123
131696898
123472909
127419571
151381567
151391807
187899919
193774685
192894900
124144055
121551631
122277817
124418400
119903847
121771364
112185883
117455210
118831207
118605929
124184588
215131031
219225746
243029022
116589078
158500064
164339416
115809132
130913966
133563562
135586386
133803349
187398160
200201984
203269714
154715535
161684273
117822995
122356750
121674937
215739031
265682007
265715287
263408303
147053892
187479226
187519333
188363705
268492456
258371082
204530938
207703627
209096266
261536092
108717514
118832488
242037877
241157665
241876597
242960756
242823795
242642462
247017924
391512672
248030830
246389445
247261977
246996591
247304643
224753632
236265511
119783953
230020399
228259975
228706267
230693678
270287441
271785892
272063652
116903957
177124894
169811836
174418123
169813543
161398834
164818562
165217495
126102879
140900086
141349365
142133578
140979873
170660048
194267058
187396453
132890283
250517440
250798186
252672103
205774243
292861065
208184054
209979038
202424488
113408281
120433339
122988216
114795800
114553453
102463868
110292339
183102912
112180337
108685087
111673457
120644112
134686548
121232058
120375313
123041549
170980048
239334520
248292802
233885567
194761564
161607046
115547585
126965597
195359750
197272068
200509610
211168156
102127656
103989201
119496381
107191757
108438901
108298528
111296711
127498930
123564642
127519836
116711957
117647636
120560912
268093524
306606541
310393629
297696472
310212723
343736306
377000478
694667911
326824115
134463401
123672588
121842191
126729225
127510023
108100129
117788862
116213184
121633125
111250630
123547575
124942773
120276326
113504708
152159805
110298739
126188211
264590595
257073164
263717209
307481207
308157472
108523807
114697240
114119960
108685514
112499482
154753936
121097231
138860195
113990254
116016918
112674416
115189612
119324007
186321255
159120436
254022075
181146648
119152061
131686658
148462743
119780967
115208812
118003049
107051809
107035596
201140222
211949809
215607191
223673313
220461797
220908517
191470262
197911640
225502005
120901818
121238458
114896919
106058958
116243904
213818606
213889433
214175726
136600999
136941905
136766118
137923663
106038051
107400823
109130527
108140234
116012651
126070025
121021712
137296891
114567107
108906528
163682778
179186970
174916896
172275833
102307282
366323585
376051998
109008074
114337134
117002090
124275468
131061166
119548434
116806251
116833130
116139371
136100945
111656390
107992182
-----------CASO 9-----------
134140842
134329001
109790580
115292866
122712589
124529760
128974342
125654880
130532100
126320905
136669692
109850312
120578833
126581172
142732191
140855713
118178409
135220307
128382129
196569348
198581932
173252472
188774158
176405961
124274614
124295521
123850508
157365558
157508492
168376958
175197643
172619299
138096037
143222004
122445070
114558574
120941072
156186253
176525854
181196568
169482876
159430196
179589316
174127137
107502369
113607534
128587782
135525800
122581603
120663312
125652746
123625655
124673547
132600577
116599744
119376914
118528702
122424163
117633982
122595683
125096800
198182999
132495617
116058732
112054897
121145871
124383841
124390241
127464796
193196126
188536505
182161260
123937121
130188206
162746672
162726619
162668592
140480246
138088783
159146036
333847892
500739199
508635083
631928791
618914621
665576961
679877530
447730627
128441009
131664472
138445050
138455290
138360569
215273965
216455829
170173222
103457574
112569029
115795052
118858941
123630775
125602399
133574229
172503246
134546175
106557731
112702575
104523813
114663959
233049728
243170675
214930498
247656643
150964287
132284417
125588746
116732864
116764010
116111638
196250202
230083545
229052720
232042370
130503940
142547018
135273640
112566043
130563673
160562141
227050802
231448450
173185912
181466221
181420567
142493684
109582366
108846794
122181390
124496481
133842602
135348306
134079401
259326815
251041812
133439403
157049399
173408205
173325431
213236634
215549590
395401734
395359920
390192567
231312770
108244342
118564969
121387792
121423631
121540965
121432164
120613819
120473446
171145595
171260794
303366012
301544574
303461585
303420198
301555241
399948288
115893186
120566459
239829880
236686204
252764263
212914501
246704751
146529946
123434509
119350888
291928800
260160094
260205320
245084700
260161374
244096541
135861586
139749794
124613814
130837166
120616806
120915045
107267702
181751234
181650967
106008611
105093839
114375533
111297564
113697988
113209029
217473001
144167069
184274965
199723691
200773289
116243478
125288800
113434735
117889983
190978742
180872302
109063114
175692148
220039825
220719931
195923376
193541726
156283106
157600224
114690413
106969036
114955373
118564968
116246038
123214775
166224854
172988792
187805199
109508126
124805813
116138518
154717669
143085470
162710832
216866282
184254911
247229124
331608322
385683986
282595905
271482105
198497879
125950985
129124955
112113350
116579691
111178098
109398474
121798671
192714846
221299343
226354057
141147553
117170623
138737316
113837507
115630785
135494226
137757264
137555451
118121236
109753033
114788546
109153140
120767418
131580845
111867163
111089351
115076120
116510145
148272450
104730746
150703167
104248186
230684718
230781144
225456778
240377719
120406032
225263499
115909825
113637828
148601410
137825104
121104058
129378395
114028227
118211262
125991946
116458944
108828447
115581719
108567754
124903947
116650518
110972018
139120035
203102033
160020702
112020763
116895424
111158044
108875807
110556446
117455636
120342459
120244326
154181349
151434900
149487169
138662222
114730520
156890253
147622638
158654090
102752722
114837613
107896609
113910894
113411695
118458301
127265117
110431432
120534032
117142464
107158050
145941573
151879912
223069155
171638394
172237859
180069743
175762975
179462170
112134256
118237715
113468868
107038583
124239201
198505133
193297246
195247537
168410238
195476230
213373593
106414797
106915277
206578509
206452643
201226836
199236012
158954889
220334652
234430420
235680978
256002659
183384512
229181574
205245178
201355263
152947431
108330528
142265418
126407518
129002075
131102552
135555240
117796969
133101056
118625982
124254134
194148018
199891370
200889343
201539582
108817354
134606334
131171673
129916847
117068224
127252744
123564642
112831855
119251474
147147758
154029029
149677461
108375755
104179067
104735013
108332661
120650512
123811255
125934346
123984482
102061523
107101303
108959007
108342475
-----------CASO 10-----------
137591290
288344804
269243389
237221243
159477129
161789660
163213871
180327023
122957496
146433520
131286872
132011777
119575314
167737385
151973779
170125862
122466829
113673668
126960477
126935305
131565485
173517432
160024969
161322460
148404717
113107482
117649343
132392790
145039601
113476975
150820927
143434057
185382589
283733824
186470161
217354815
190402743
187354213
117686890
127533490
134576468
130634073
429525210
430009476
429985583
430171609
259784627
256828685
347476462
288440804
167180586
163460911
164462296
165489709
143666590
136456359
135257853
132138071
148621890
141717152
133127082
144112029
158655370
290433335
292390879
289204536
253416209
262229851
134610601
134679721
149275969
125586613
126527838
166879360
165436374
171554767
173675298
165811841
117645930
157630518
128181169
136260945
128232796
134249641
137210277
141261045
122830776
239006840
183869632
185834429
185937256
187816719
189777250
118584168
118526142
107648289
120542566
121459045
129790554
129268314
127643144
127653384
119594940
182887446
191980981
191323915
196108549
111559110
118709181
120543419
121576805
114746306
117823850
144544668
166375894
165429122
166366508
210851143
386908519
330043311
319809298
129877593
190354956
183355925
199320492
162463365
200385451
123905548
118770195
161371100
161419740
179096944
146555973
154619962
128738822
132000258
113664707
104287866
180559129
182643819
168932903
181371501
193094579
178222705
179018438
131539884
144410696
135953319
152397458
152460178
143637576
153847696
160521608
111683697
190799116
147366212
153325457
157278946
157260599
157222626
156758840
187448080
114657560
140388086
112580976
118467688
125123253
119594940
133610922
160375262
166261120
170402768
173714978
130090500
153596816
194405725
238145402
248232216
248291949
147210905
134776574
134807721
108071968
108637301
185175230
184514324
186876774
187270587
191669088
203931899
182075074
123505761
113549081
116574571
130525699
136664999
129721434
123990028
129375408
133403563
118078996
131557805
142963017
134503081
160422621
159864116
135243347
139112355
127564210
121241871
121256805
112822469
116793024
161907419
103305681
214855831
217451241
219272679
333338454
371676965
336894289
367990569
196470362
133911295
136897958
108590794
106040184
115147372
107295436
111625671
112445296
116819050
255519247
258982922
276020980
107474636
120318139
122491150
121237605
110873458
122010724
124712373
119670034
160760968
165345921
146822212
145061787
143181470
110690845
120026726
148878316
160599688
114564546
103690961
110445939
124523788
113927107
108812234
123708001
128163676
133023829
147826157
146825199
116936384
130243674
108777674
108128715
113774361
110401565
167139200
153278951
162919045
150811967
156705507
206367736
118373395
132726017
111771163
108285301
115490839
112467909
119893180
113940334
114989079
116339051
144112029
192684981
154725775
195093937
175828255
122187363
125212853
137403558
193773406
188840291
199451051
179866650
185083923
108106101
118533395
124227254
167521066
172849272
158810677
168996904
164258776
365247959
312719813
322324068
131639725
140566433
201906515
201815209
205044644
201423955
109188553
113257668
110914845
123570615
110460872
114367427
126061492
124354401
117758996
119322300
107514315
182954859
191263328
176807454
198111320
119537767
126259039
132155137
111544603
128757169
130103300
119085075
171601701
217850174
212324848
214715885
108313462
107719115
99254486
132682497
128995248
161144967
162231685
182912619
102960082
112868549
107591116
114441667
129255941
119150781
148769942
143474590
185196136
144205042
220820625
181981207
186001682
188333412
114275267
129261061
177980359
203442940
136709372
117232490
119245074
126772744
113535854
115650412
231928449
233336448
284317929
408633504
408650144
356679650
354687119
334373546
198879745
199278251
120127846
140587340
130994179
139143502
139145636
150588394
111334684
196275802
148048024
199898197
202066088
151382846
148612503
148687170
119728486
109104500
153835323
