-----------CASO 1-----------
51631720
53130599
56798220
58346166
86014610
53378918
52073747
50165696
106470263
48665537
54091451
49182230
54460090
121834084
52586599
65449730
59201204
52773906
69601191
57548300
56764515
66622208
63231919
49737323
63053573
58606005
57088781
51752894
50696042
136259666
304858064
50928149
51668413
55527183
56411234
61354588
76325023
48540952
53518865
64906156
76575902
51767827
55205476
127510876
46251887
48770498
60849415
50552255
54760463
54444731
54332517
78515527
50148203
53837584
48588737
56791394
79447792
47814765
53391291
51993960
52115986
49689110
52545639
48802924
49744577
49544043
52588306
51650921
61098162
53058065
69419432
130839299
58717791
59587338
88534073
50170389
48228631
50459242
49698923
51883026
54344890
52470120
58337632
55455502
53538492
47193966
54583396
51827987
50914495
52497426
49295297
50687082
56270861
46931566
46896580
50620522
56625848
72360440
71723428
64595971
49889216
56958647
55954702
60993629
61843974
49696790
50773269
76228169
77750940
50705002
49739883
86880743
290076215
54177210
48690711
57549580
93579400
55361209
49020951
57795766
56036622
59423497
65795756
70719483
101702270
58323125
47409859
79918404
66521941
52928785
97668142
110356766
59981149
53491985
50358122
71344976
51037802
49821803
52816572
53755238
57035447
48507672
54429797
50221589
46012955
45460422
47462766
52672786
53314491
51153855
56230329
74021025
49897322
52363453
59065098
50212203
56048141
49299136
49361004
54439184
50928148
52401853
51742227
50117909
59973469
61408348
328904539
86499302
53692945
50866282
87555301
127989597
113883588
62693039
54495503
79546352
68622419
53213372
57682699
50716522
55166649
133431723
49282070
58169099
52775186
49289324
54106811
62294533
50372629
50728895
54248037
49352896
52712039
48308845
56577634
50854761
48839618
65477889
49581590
48650178
-----------CASO 2-----------
59309578
65157463
55477262
58277472
64485038
47444846
53355025
63049306
49278657
49092630
50747241
58717792
59273738
56626274
53340092
52441960
50582549
69770578
53988624
49123350
55288676
57702326
49959616
56047288
53429691
132645804
77219315
54791610
78923845
52471399
65996715
52331880
52959505
62128560
66743381
63320666
52721853
46717807
57151927
50343189
54005691
64450051
61560668
71959801
58886324
72679587
73038840
67487061
63231919
54428517
55387662
48276418
58852192
49393004
51890706
83751146
73279480
51803667
54069264
54376037
55651768
46907247
58063286
48622017
51993960
49786389
51104361
52467133
49885376
50917909
89886605
59125258
56088675
51797267
52538813
54713957
49945963
53338385
49481323
54284304
53815398
60753415
52944572
64735917
59917577
93173214
54056464
50372202
48532844
48108311
50438762
55480249
52037907
50333802
52890813
56018275
49228737
53008999
65061464
49337110
75565983
59411124
49375510
53427985
51432894
99737472
60694109
49843563
55657742
51474708
87286075
50281322
52794812
88541753
66934101
49795349
50442602
46795034
55631716
50425109
61072135
51070655
69126739
45636635
47103086
49823083
52958226
51462761
53953211
98581207
56129208
52232040
49325590
52347239
48994924
47754179
49441644
55271609
50107243
47893272
51642388
51117161
51865534
47333913
61647281
49724950
53142972
49259030
51801107
89293966
52831506
57388726
69817084
50492522
58021472
73811959
94466865
48087405
83995626
55814755
49313643
141180406
227192456
205407737
51261801
46975940
233684181
113517082
131651245
104976932
52661692
86467729
50385429
51041215
53575184
51760147
49913963
55877902
57234701
49956629
50757481
50275775
49833323
54320997
109218847
54501904
49225323
56556301
56290061
61817094
68046846
112888602
70940923
50580415
90288951
56139449
57696779
129360474
50138389
50628202
-----------CASO 3-----------
58359392
58429792
52111293
57759073
118921235
124231947
111766897
65236397
52334866
57708299
63727279
116028012
97812782
50867562
51303614
71751588
71654735
60337417
53651132
79068912
127101278
72776440
74961824
233118422
108780234
335285758
338980686
107088076
54552251
151618366
51311294
54220304
56425741
91369270
48384792
56138595
46857753
49267137
49147670
49339670
52920253
54522384
59504137
52216253
55597582
60736349
88121487
170915194
51802387
70495057
121775204
60476509
52036200
62340613
63535279
59436724
50232682
120161980
155263801
51458494
55610809
47254126
52605373
46678127
56683874
49050818
227066589
55583929
52191933
50087190
49614870
119405074
47627032
64185091
57274380
93250441
134293588
51380841
100220458
49819243
54426384
54786489
57416886
56984674
93878493
51429054
52900199
51071934
53078545
53153212
55242596
52358333
105042638
56430435
49146817
52154813
48192791
80948377
55304035
48877164
82149868
54693904
57189901
151678952
54289424
116084331
55504995
51203775
47601005
53344785
51428200
57725366
73642573
183296192
55901795
94745478
55424783
81696322
53304679
89408313
95405104
119417020
51468307
156903053
55318969
53195452
61896454
545189702
56218808
146738159
243182622
111243378
99795072
89133539
53093052
64525144
82811628
66910207
51698707
153734203
55073209
50014229
57167287
92890761
51085588
52167187
52896786
50076949
48331031
52100200
51752894
169371944
50667882
62598747
47878765
52732946
57943819
48348524
58156299
51901800
55607396
76867315
56503821
52105747
48897644
49246657
51229375
53019665
47487939
51783187
76139422
49160897
59123124
106912290
67300607
48155672
53098172
48016152
54231823
52118973
58670431
112200816
105094266
73848226
51972627
51346708
56157368
46355567
62458800
58364086
49666070
54549690
72361720
138543610
245936751
51492627
118656274
52356199
46960153
51243455
-----------CASO 4-----------
66403755
56566114
51575827
57486006
67384234
69566631
55001529
58263819
155434468
156359907
66098262
62107227
49862336
52662546
50709268
55718755
136399186
134278228
95621424
93974067
267442004
267800831
51987133
60570376
128804955
118841448
72272120
76110409
116657771
115793772
55178169
65859329
56379661
53375078
51059561
63544666
102328189
111878257
52789692
53987771
66759595
66347862
52386493
353460028
49806017
50393962
55052303
66397781
50004843
55129956
52155666
53128465
50512575
103475921
101401471
73796599
85492371
47661166
66043648
90332898
94395186
54781796
58113632
58544139
67239168
53204412
53899451
47843779
51903933
78906352
80182937
49344363
62480987
48542231
53986918
50175936
52042174
47176473
50962281
49293590
53390865
50575295
54357264
46516421
57838006
52867773
50866282
54885476
54341050
65276504
66101249
50038123
66517248
61362695
51707667
58136245
54040251
54520677
98693420
58435765
254032315
132776790
53529104
58869684
62913199
52013586
99030486
50281749
77734727
52776893
93073801
52723132
52243134
48197912
59289524
48463298
48386498
125414667
79202459
55662008
47560046
53468945
63349252
50287296
55448676
58314165
75055691
49403244
53046118
48788845
52084414
46325274
53294438
107288610
47573699
49303830
49649857
69830737
62145627
112763589
54739556
50418709
57203553
49228310
66710101
54399930
143476296
112899269
288664377
55413263
54627770
47686339
55214863
47068526
74091852
56784141
48860097
58670004
61260722
52147134
149731221
48293484
53455718
51672681
50021482
57495393
50781375
49341804
53716838
53277798
109610100
57707446
54760890
53772731
60753416
50114495
62354693
127120477
49085377
57222754
54184464
51642814
129721008
103460987
49639617
53382332
130849966
107674316
52309266
54445157
121255524
48704364
146458266
52694119
64301571
53130599
64262745
58507018
49326017
57059340
-----------CASO 5-----------
84164159
67709780
55241742
68263166
52289640
54326971
50079510
62066694
59763976
56031928
46774127
56108728
54382011
57808139
50973801
50766441
195534683
196492548
54601317
54660623
54135398
51992681
65450156
66781781
56192355
148294637
55601423
90327352
99658966
105088292
82694294
82079895
75798943
78539846
79102618
78543686
52703079
78297927
67203754
53018812
59197364
49878550
51240468
50981054
52721000
356142477
55079610
49536790
56013155
53595665
52567826
47430766
54689637
51484094
62094001
59301044
51781480
55151716
80696216
57103287
58418698
113685188
54347024
53866171
51136361
49473217
65856769
53474918
55970488
58844512
52641213
50442176
58723339
50936681
55068089
59103071
56579341
183944725
53341372
61352882
52451346
51800680
113697134
65835009
50412309
48908738
63256239
55459342
50558655
58278752
55654328
59879177
77412168
94751879
87830501
133694122
51570281
51196521
53128039
47007513
108920181
50054336
57140407
52632679
54891023
103418748
53009852
52155667
102634536
69535484
55078330
50887188
65107543
124595468
258977375
131043245
55060410
50825322
58424671
152259645
51210175
50244202
47648792
51295507
49201430
48462872
51084734
58088886
54514277
56432141
70728442
54404624
53686118
46923460
48476951
52021693
56473101
61081948
51724308
52623720
106690850
52469693
50161003
47375726
50035990
143742536
135911079
49043563
59676937
49989483
50771135
55136356
56414648
64667224
54373904
126413918
111220337
56744034
58345738
48980844
51470014
56551608
62989146
57702753
58599178
48314819
50091456
52494440
60806322
144403868
139540728
214006766
228480561
54943930
54804836
58722484
55328782
62594054
141850698
48895511
56877580
52593426
64088664
58309899
52511933
47647512
52316946
136041212
120309606
59259657
63482799
51979026
48482925
59081738
54725476
96378330
56669368
56782008
70488656
49045697
-----------CASO 6-----------
54057317
51638120
53823504
56890381
51960680
53638758
53850811
56732514
55350542
51330068
69918631
60128776
61820508
56427021
59373150
59864670
54707983
55322810
57721099
126208692
55728569
55116303
56333582
60531976
104976079
54870116
151628606
184280084
232919169
235671592
77184328
77515421
51258814
50062443
140387660
126440798
104864292
105002959
112925296
112745243
91667509
99268993
105831544
81579415
47385965
48600257
53559398
121494885
119429820
72851960
58969098
107942262
99130326
154899001
54940943
116736704
51362068
51637694
209436745
62178907
47567299
76222195
148799810
25488607
50204949
66578261
55911182
52157373
58682805
47967512
55063396
68738472
51180735
50092736
145662960
48507244
61137842
135594920
66701995
163491204
68570792
55409423
56057955
78839792
53271825
51163668
55314702
51960680
145095495
59849737
47633006
47935939
47805379
50003136
49282923
55373583
73804278
51948734
51859987
48546924
56437688
49702763
50976788
52710759
56118115
51498601
56733794
51374014
54532197
50579135
56589581
50656361
53372518
115469932
116033985
56394594
58525365
52462012
52345533
47039940
53875557
51769533
48238018
134700628
68633085
51997801
105533732
49442923
50421696
133272576
55871928
53756944
54713957
53103719
47665859
53849105
54820623
55253689
103369681
51462335
55760995
175027830
69638738
54402917
226273843
47243033
47967085
50037696
45701062
54635450
47446979
59738377
48401004
48960363
54987450
109665993
49253911
109048181
54185744
52182120
58830431
49587990
54731876
115524972
54586810
100201685
48235885
65701462
56259768
50771988
49244524
49665643
57638753
50699029
51853587
51656893
51598441
110976285
46346607
49189910
77471474
58842378
108275488
53692945
56252514
126890504
52734653
58972085
51519081
54783503
265611607
49986923
53383185
50838548
50594069
49891350
48403991
58835125
78854726
51744787
-----------CASO 7-----------
82977600
48237591
58481845
60041736
53623825
54164837
63004506
53485158
51317267
48343831
46572741
122634510
46610714
46733167
48214978
55407716
50422549
59672243
104001573
66638422
58742964
53102439
121155685
56859660
52776039
57707019
56987234
55861689
128404742
52702226
51062547
61384455
48207298
55812622
55937635
61581148
52877159
51944040
55213156
47003246
54781797
53852945
129904901
358772020
54149904
58439178
55107769
47799406
101044778
48018712
54439611
50026176
54626917
46979780
56665527
48699671
47374019
51983293
55598863
54263824
74995104
50565055
49451883
72985080
66637568
59038218
62044081
51381694
54629050
48139458
51500734
119591527
125751305
52313960
54492090
51559614
55784462
53424572
64232878
74081185
64723543
55472569
54143504
48425752
185694483
48864791
50593642
62178054
51316841
116371051
54329530
57596940
52045160
47990552
48450925
130833325
55999928
48047299
52022546
49587563
55021157
113118575
131972525
51365481
53167718
211647303
49841430
52766225
57076407
57678859
58322271
59014751
66483968
63535705
69858897
70705403
71000229
72462414
49340097
54852624
51570280
62055174
52417640
53005159
52042600
61700187
49070870
54369637
51210601
54140944
51926120
52019561
72739320
66437888
56494861
48446658
55141050
48456472
61982214
55635128
51105641
49615297
51470868
55411129
53838437
50853055
97450116
103708881
63319386
59393631
55587769
50461802
66763435
52107027
49952789
46938393
100734164
47580526
55233210
95920944
53764198
55171769
54874810
49877696
105078052
53709585
47975192
50256149
46673007
52241000
53316199
55902648
53597372
50708842
52873746
48692418
47489219
48123672
46776260
55435876
48384791
48258071
61083228
135638013
51549374
56560994
52025533
51729001
55139343
51236201
72342094
46422980
51859134
53734331
143643976
57638752
48947991
50776256
47718339
46743406
-----------CASO 8-----------
70582522
58019766
52032360
50197696
67143167
57153207
49465110
57259873
51662867
47202927
50733588
52245266
48039192
49845269
47801965
151549246
52325907
50151189
51003241
117092543
50528789
126195465
49637483
51210174
46763460
53526118
50809108
48433431
53992891
56195342
48328044
50343615
50872255
58652938
126834184
55557049
64944984
58814218
59616350
49558976
79729391
53839291
49148951
47251993
67092394
52068626
56655288
51245161
54121745
50383722
49716844
349991659
51210174
49832469
51678227
54100838
311748721
47365486
51333481
54628623
47953858
98411394
50835562
75508810
51825426
54986596
57545739
161831899
46134127
47879619
68938152
78810352
50666602
53103293
47795139
53091346
104136827
158597343
172126073
46827460
53424572
51812201
61475335
47760152
48815297
51420094
51743507
48005485
49224897
52154386
51739667
48195779
49963456
50971668
54229264
49140418
55717475
52614760
54786063
50408469
61641308
49310657
47798126
115836011
49823083
63376559
46846233
55362489
51999506
49101164
47238340
50123883
50269803
51333907
48653591
48030232
48140738
57037580
55219556
51622334
53408359
48740631
52741479
50244629
46326981
52444092
49768470
70494629
55512249
55133370
53898171
50539028
54439610
47022873
110360179
52866919
74335478
121647631
58025739
49444203
86559463
47736259
63830105
62987013
50943935
121277711
63269466
92513588
48302018
53963878
72547320
69695484
47518659
54539877
49086657
50841535
53855078
53797904
48314391
54797157
49167298
56119395
50900415
51716628
50825748
57775286
48348098
54962703
99260886
100607871
49833323
59729417
48061805
49798763
64425304
53290599
51595454
48558445
50216043
51510974
54396517
61664775
102100776
47200792
53415612
53140412
53767611
48760685
93206067
49752683
51304468
86193810
55763982
120154726
57732620
128490502
57045260
56068622
107319756
81993281
-----------CASO 9-----------
51487507
65649409
52851986
52730386
118688701
61632348
53218065
54017638
56726114
57523980
57418167
56682594
64235864
51949587
60784136
64687278
55782755
83716586
65360130
48273431
109335753
104615973
61764614
63057840
114878146
118551742
49645163
50695188
50076523
50475455
52572519
61838001
51991827
54410596
51886440
50897428
116100119
115536492
55476409
56081848
66469889
73273507
48703085
59643230
52314813
50639295
50478869
47883459
49592256
50314602
50719082
51313428
53252625
45543621
72190201
89235512
104013093
48818711
49003031
55238330
47783619
58719072
52379666
75002784
52997052
54625210
52848146
52978279
58655925
47893272
53080252
83665813
49969003
49089217
101706537
51908200
53870864
54477157
117575103
105753038
46980633
49299563
54740837
55164089
61278215
51904787
49292310
207177548
65654103
51744360
115156333
428162012
98905900
56255928
104146640
53238545
58481419
59387231
52868199
51351401
54149477
48296472
49700630
53305105
137401850
52011027
48859671
56080142
48305005
141449205
55874062
70911909
62987866
145920666
190707383
51107348
56314808
54815930
53693798
53059345
116276758
109497459
175740362
56971447
50310762
51071081
52737213
127961010
59023712
53260732
50018069
48289219
46815940
52844733
100705578
221979022
217100522
58433205
54831717
51462334
52140306
237367162
59256671
51716200
54557370
46367514
53974118
124692747
55294650
54157584
51373161
48827671
50118336
51520788
88139834
48766657
60942002
74115745
48174019
52718439
48531991
51845481
55719609
49957056
91398709
224165260
53029478
52264466
49499244
70600016
49026071
47142767
73508599
53362278
47947032
48649751
51619774
51665427
111452444
112847642
48630978
112080497
262006278
53469798
50566762
55180729
52400146
52310546
73750092
100876244
46961434
51646227
52144999
57325153
140511820
144579228
59457204
51933374
47662872
51205054
-----------CASO 10-----------
110519752
61966427
71396602
48827671
147822318
62052187
59768243
51377427
48298178
62730586
64694104
107640609
50237802
200554836
59446964
49332417
46696047
87187942
48769644
87868901
70682363
56188514
49636630
70990843
56958221
50505322
49491990
53765052
60672349
52761960
62965679
50211775
143603443
52549479
68069459
50009536
54393957
73331959
59736244
50673855
53897744
48833644
62464773
48821271
51537854
47635993
92324149
104731600
55961101
50332522
51647508
53146385
52416786
52954812
105968931
49730923
47096687
52840039
49408790
49515883
48877164
114451054
49242817
51800254
47870659
47695726
118218942
65182210
49452736
50669589
51726014
55359076
53050812
49598656
55198223
47950445
53227025
56160781
168943143
81011523
50875242
56611341
52441959
53464679
49075564
50220309
54464357
52732946
52680039
63080879
52942439
109542260
48151405
65208663
47964525
46098288
53321745
51995667
47690179
52611346
53306811
56210702
55564729
58612405
168399145
120986725
50509589
51630867
51318121
51702974
132026285
59547657
50420415
59286538
50847081
105384825
52650173
57823926
49060204
47509273
51752894
121466298
66744661
78070514
51682494
46972953
72141134
68851538
51713214
60693256
50517696
53433958
51519507
57238113
47691886
51976893
49628523
96180784
48797377
50372202
50940095
55177743
49619990
50803562
53146385
50609428
48924951
110874312
49150231
51945320
49384470
55350543
51566867
54283877
55292516
57474060
45432689
54908089
50632042
49750123
46550127
49799190
51231081
46358127
48048578
53530811
49260311
112473030
56458595
59759710
53418598
48910444
48594284
56350221
50905535
46506607
50071829
48255938
46003568
49506497
49090497
51347561
53829905
56615181
48631405
95833478
48967617
59660724
48664685
51890707
56206862
48872471
47884312
52470973
89287139
53353318
93776947
161187633
55373156
50727189
