-----------CASO 1-----------
111157191
118320488
149852395
153973563
164361176
164981549
97530755
119481874
196155909
173247779
120545126
98217688
109514100
107223330
110046579
115446465
104130426
121675791
142501364
168114985
115678999
136905638
112537882
132531457
103456721
119408060
109718046
165828908
109833246
189077091
321189562
176123508
100773845
111729777
99019393
111578737
98003928
144629575
108945780
181284888
128597596
105298638
100711124
102348669
176963187
100093312
104636880
130451460
104612986
103992187
101751337
101892136
134372948
121719311
100509738
164363737
174459937
101805950
111352177
150776554
102931068
116319851
102630695
166767574
133945855
104871119
119954193
95615877
98794540
96037850
97660035
109733406
142687391
109312713
111058204
110530419
104989733
142454858
100004992
103403815
101870803
106995916
99952085
136658171
114769774
109957406
108006688
101631870
131138819
100806698
100986751
99061207
101770110
105814904
99008727
102621309
109678793
190404877
158103691
120912912
112576709
103113681
109279434
164606083
161904433
100091605
109953139
115643585
107994741
101291817
129731674
175764682
142920777
339538765
281579586
163925123
130548740
112286576
102315389
115011267
100194859
114998893
129678340
163815470
104418000
169022504
100326271
103192615
119489127
122541923
101655763
147239492
99539073
177671452
105089999
137855823
145666800
100728618
108377888
111488710
150201408
157938998
103655547
103921787
99323179
107951648
107382049
101042217
122064910
100696618
172115406
112559642
138523982
124608694
99045846
110792392
197656921
122811150
110279112
112380443
124564321
116541717
111441351
111916657
110486045
113168922
109150580
106170744
131521538
125773919
142379338
218870333
246322458
196731054
121625017
106702370
152967910
121532431
102926374
110608498
100941098
119475901
105857998
104160720
106795810
106140877
103917946
111677297
107976821
112859589
152175592
107502369
113585774
102304296
129249541
119467367
102992508
197828014
129649327
104284026
-----------CASO 2-----------
108833568
130940846
143476297
130677166
106582051
391286966
104515279
126727945
139293688
146786799
104362533
106077731
208107680
123467362
106599970
128540848
97836675
111473777
117941182
103859494
114219374
187497574
133610922
135483987
128045062
127940529
206284110
182514967
186578535
96709849
98475821
133015297
117782036
109929672
121837924
101722750
132098818
176155935
94769799
141042166
107384609
113292655
102055123
125810185
97695875
117817449
112509723
119590673
117591743
102487336
103498107
108068128
105421519
117657449
117775636
104153467
118589715
113904494
114883693
101587923
106215544
110501832
107117516
112890735
130089647
148126957
365118253
100781951
99007020
97483821
96620676
142187338
127029171
107491703
113625455
115838998
105374586
110262045
106617890
114251800
138186063
104553253
108192288
100041686
111237831
112404336
109175754
124827147
101079338
102837628
111043271
103725521
106652877
99242966
146956612
96761049
108099701
117188970
102096936
104367654
161183367
112032283
100484564
98720727
113142042
98745901
146894319
102413095
102605522
115590252
102746748
129892528
137562278
103975120
112906522
132952576
111450310
161690673
107864182
113933081
106692557
106550903
100770005
169929596
99216940
104257574
104175653
105561892
104699599
99696939
112174363
119632487
106855969
114276974
103051388
162138673
95957210
101618216
99655553
100557098
99697366
116380011
169004157
102207016
118274409
104259706
136541265
104489253
100540031
108522101
103856507
101048617
117399317
119539900
119225448
113711214
268010751
146145093
104158586
105087865
247453550
252636690
247523096
357731809
127846237
111085938
242342517
308549578
117819583
99175127
172383352
179463024
107413196
102093949
254718821
188091493
110309832
113439855
102849575
110282953
98803927
102131496
109141194
126967731
150215488
166409174
98806060
101151444
119323581
138094330
121321232
102995922
121121125
124437601
177141960
146543173
135895293
100243925
183312405
153571217
-----------CASO 3-----------
105417252
122852963
129875461
174473590
253946555
165673602
332549121
288671630
200067157
133918549
143457096
166139948
214272152
103456294
110691698
247220591
299148417
131798018
127986183
118102889
146247066
117845182
113172762
178105798
217798974
165777708
160884274
102631975
187743333
111811696
296183088
107973835
108633034
117887422
140246860
113668975
101868669
112672282
166131840
102524455
104237093
106221518
157761931
104566480
104243066
109272180
98910166
105544398
228033841
105798691
258209803
370705445
117872490
101284137
108664181
164986669
103258748
129033222
314336451
307099767
124253708
100736724
110472819
103411494
141202593
136933798
180338970
349835499
114256494
116494358
60173150
105047759
100499498
105056292
262274651
153491431
164803202
228521947
94815452
145772186
217001536
101314004
105826424
103803174
113529455
141467553
143035124
102522322
104156027
104463226
100570324
102351229
111557404
143631176
101963816
102693415
109481674
99683286
117759423
168857384
227413042
137119824
154858895
210664691
145503814
112509723
194557618
105819598
101197097
143810376
103818107
107421302
118883261
220059025
245931206
100737578
153423590
175856415
123890615
102668668
168819837
157531105
108318154
100906111
206884856
113374148
113157828
384684734
670381222
276901619
365310679
224855606
209050612
169156903
146000453
202626301
114810733
104303653
156888120
193542153
109243167
176113268
108529355
102277843
145642053
104728613
103941840
108710688
101361790
105539279
103633361
101927123
204312912
308248352
257179831
100589952
105948878
163983576
168402985
111095325
116414997
174714656
205327097
99108140
113798681
108533194
105171065
153018684
99312086
112618949
114373826
102662269
98978860
163795417
164633815
106758263
96974809
170295248
99298006
98858540
117744916
140688460
118244115
276525726
124459361
101785896
103207121
123006136
99935019
116993130
111563377
169915516
110713032
229976452
354321893
275666420
102926375
306144888
178540998
122756536
-----------CASO 4-----------
98143021
102681895
118767208
110323485
154069990
139827021
319663378
318581778
122570083
116076225
146102000
169505489
105590905
118854674
114319640
96217477
168604371
157569078
112237510
114768066
440245623
440691063
212136688
207637067
140571981
149457728
175783455
176062068
153100604
154018790
137783717
133617323
101027284
113111322
174105804
187115280
102398589
107649996
128539995
137414224
109532873
110050419
100858324
104657360
100578858
103335974
126643891
108796448
121561018
103936294
96934276
169967143
101186004
99305687
105057999
270075388
259982601
107123916
108028875
131153752
133303723
118124649
115262146
106652450
105919864
170688635
191722421
112863002
107597089
180817261
176370121
104152187
108306208
111444764
109033247
102278269
116042944
140330060
144554481
101581523
105133519
105930105
103942693
103714854
108588234
209362079
103892774
102538535
97530755
454587151
451430249
108722634
103687974
111440924
95776731
204977231
134271828
102504829
273867596
146317893
273138850
413884910
104725626
107073570
207956213
112826309
101506003
160618888
101037524
133501695
107882956
193938098
213593754
104330106
103263868
126487305
102941735
104357413
134192894
107978102
109386527
98105902
115670465
134780414
97596462
120001127
222374969
133539242
212378608
102237309
130420740
106901623
119043688
106118691
114452760
110196765
216499776
141247393
164847576
156463159
118313662
130602926
126512478
112179910
157099746
125045600
111378631
212148635
295073329
273121357
101921149
104720079
110016286
103383335
157345079
124085602
123659788
111091058
120651792
116979477
177751239
283941183
112555376
115655106
105697998
116227691
295612208
106853410
141840458
107073569
98310275
147571011
143300936
110753565
100007126
113387375
158289717
111538204
113340869
102844028
217181589
214261059
114467266
100033579
105236346
103203281
104865572
108848928
107722102
103003175
135149053
249754987
213148741
253112423
159697716
171215568
180866755
104839546
107050103
108839114
-----------CASO 5-----------
111067591
121334459
112130843
103889360
111206684
106673784
162670299
162793178
240242893
121386085
106995490
113027268
105605838
111517297
268716883
268351657
174942496
168513918
181545581
179706224
104373200
108442314
268282110
270289147
118710035
137096784
102797522
103850960
107835595
100101845
461734663
434809043
178665158
177145373
98867073
139554808
110614471
105035385
189682957
210094238
162929285
186048189
103201574
107366263
108353994
167686186
105380558
96787929
104563493
142059765
106739490
109518793
110109299
103269841
231465518
104176507
129112581
122959203
100321151
99198166
129848581
109612660
148372717
99883819
114356334
160264328
103574054
101258964
106393464
179545796
114230040
99988779
186027709
104982052
106022691
107594956
119882940
98714327
204836858
115792918
116882624
104122747
107931168
135360680
134317482
102638376
101332777
146896878
153069458
108107808
119495527
103395708
101764563
116113771
112561350
127204957
431348781
95649158
108373621
180453742
164740909
100921471
103753254
105852451
103865467
121089125
192361568
112319857
103655547
200399957
106553890
178053318
100469631
192092768
296486447
278113777
268155817
104982905
159074783
100870697
211880262
96893316
107991328
118633662
109408286
256809912
186685628
111989190
103783547
165382189
165985921
105543972
113292228
113873347
101016191
166784640
101843923
122073017
117469717
160265608
129783727
112997828
112615536
107210529
107051810
108677834
117071210
203731792
209685492
147579544
150103275
97262382
99588139
98049154
127624370
109406580
105796558
107382902
110268872
128637275
126497544
112691909
112587376
164222937
169921063
102600829
98508247
155102095
158761610
105903224
105112186
104915066
107614156
112650949
114614466
131298818
133572095
135358974
138545743
207434828
204383312
212871834
218712040
178261532
179946436
167998505
168518611
101927123
100726058
112616389
113468442
96444463
104366800
218231187
188636772
115576172
154540602
105991118
111140551
113084442
-----------CASO 6-----------
105120292
121453498
110541085
129132208
110963058
105105359
194418951
200280491
114934466
110638365
102404563
137918971
119772007
123352589
190122424
185029310
103140988
115598785
130882820
124806667
105474425
109236341
102082430
107837729
117011904
167275306
187055547
100322431
111137565
115830465
120286993
121310564
97534168
101392083
121131792
130944260
161550727
148612930
140896247
144062963
324060172
328282460
99361153
108286582
175321376
491506571
159088009
166449280
172769486
136108626
169346343
102987388
186744508
150014101
347253742
628715996
179768943
126748424
320538470
442369140
101619923
163298351
176939294
857238796
649504449
98073901
127571463
114440386
110947271
103678588
105498318
115916652
128525062
107502369
106492878
102864509
101445843
234331007
247138244
99687126
220069692
111278791
107194743
398225411
270912934
110269726
101248297
97173636
101858003
116778944
111443484
100408618
103033468
107945675
119818086
273219063
154241936
100788777
100217472
104855332
115233132
101587497
102180990
169325436
172025806
110927218
110807751
100239232
101508137
103426001
103419601
105199652
100622378
107408076
105511118
128101809
129176154
143812509
149868608
95672624
104412880
96455130
102987388
111521990
191912714
109191540
106085411
106168610
103519441
94934492
165470508
98880300
106947704
132026711
105125412
126573918
101774376
102951121
164039897
113988974
116074945
109087007
221333477
116083051
100025046
105957838
128635996
232879488
100171819
183083286
101708243
100377898
101744083
104631759
103062055
218504254
158084064
119777980
275130527
242520863
102715175
100837844
112234096
103844987
116240917
99043287
107311223
104385999
114227053
105671544
104636453
98742061
102067923
152071486
101228244
104535759
98346114
162981338
166302507
99299712
113425775
112577136
128335196
99340246
106446370
101617363
169912956
105670691
125553333
106928076
200287744
104826746
112786202
100246486
105421945
177023774
108057035
106908877
172151673
123552695
-----------CASO 7-----------
103528401
162778672
159710515
97762861
102432296
103283068
102069629
112465776
100260138
113401455
100435925
97705261
102730535
116153878
169429970
101386537
112877082
109988552
102324349
234473086
190811489
123098296
141465419
134712574
125145440
100779818
182749206
109666420
103128615
123819788
100066432
101505150
121831951
177697053
112675269
109319967
100916777
121228645
104109093
108392821
159083317
109787166
150532074
249388054
122435257
105409571
102638802
114348227
104807546
96211504
100123178
121138191
116765291
115464812
112006257
145445788
138001316
99263873
105484665
102155389
104380453
158218464
155957560
100029738
99835605
105457785
106441250
102175443
101212030
120910778
120336913
107881249
109435593
103838587
101755176
94794972
96130437
118664808
136641958
150813247
128574129
105759865
114188227
267975763
106300878
104856186
102688722
125241013
119831313
103775867
167270612
102348669
167915305
101446270
104020774
98523608
202555047
106159224
96395397
105164239
104032720
98027821
102863228
206091683
109930953
109481674
195521030
107571916
151884605
101952723
97181743
111677297
103149521
99234006
279211589
259171082
109716766
103554854
166360534
167160106
105915598
104350586
111406791
113207748
119673873
128089436
148490476
152214845
107225036
105366479
112864283
106044878
102619175
101813203
105180452
112791323
174706549
186967228
104313893
108496074
97401902
106446797
105605411
103928187
115608172
110356765
177509319
167504852
99373526
101552510
108013088
100792618
106655436
124020321
102794962
95850118
95119665
168662398
102333309
97978328
243476595
116186732
146312346
151155433
98546220
105112185
103417894
99303127
96942383
102176723
113044762
105754318
104606587
210371997
101371177
99373526
104598480
94559452
117430890
102594429
102088829
154350309
112335643
102938321
100503338
105271759
96244357
161366834
106218957
100519124
104407333
128076209
98445527
97840515
104193146
187111441
200893183
98218114
96561796
108332661
-----------CASO 8-----------
99976832
121063952
148052290
104846799
104543439
127626077
99601792
107449036
218857534
113564014
128389383
112825028
109286687
95536517
106695117
102242002
174104950
102672509
194698844
103082534
110383646
181413315
99406806
109126687
126516318
160787421
104765733
95971291
108024608
95040306
121555898
106724557
148787010
100707711
100245205
153302844
118080702
106285518
112353989
109976606
123011256
115660226
100278485
100248192
115572332
102725842
110620445
96233263
104700453
118221929
110871752
175352949
98577367
101762430
105671118
104239653
97514542
207269708
104375760
118770621
101461631
116804117
95787824
146493252
173040419
101712510
143450696
110931058
95997744
98819714
175268042
124717920
116166251
125043893
103659387
99832619
359543434
103222481
101472297
161045980
148252823
144493042
141596406
102562002
93902813
162207366
143995122
99152086
109824286
109748766
110327752
104649679
104088186
126849118
124989707
101771816
103937146
169494823
160492595
106148985
105714211
97065689
148909036
135844093
200526250
108220875
118552168
101145898
96580997
102393469
102302589
100255019
100887337
98498007
103175974
129708207
112149617
152250686
115249346
97626329
104802852
94317106
182079340
178447558
106564131
106802210
99187499
218247827
129787567
167436586
176207988
152210578
99053527
99567660
164120536
117157824
110405406
99584726
140912887
120210619
98536833
178005959
127853916
106847010
103443921
106074317
112740123
97074222
103015975
105158692
101254697
109513246
114520173
111758364
257671777
257936736
103643174
103702907
99349632
103069734
100069419
97820461
113735961
120026300
123081229
123645708
105699278
107376076
155284281
136374439
163399044
145256774
101877630
96124037
144102216
147434478
151839805
188433252
122771896
105264932
121558031
132465751
97398489
154236816
103271121
101974909
153009724
161207687
113608814
157048546
96335236
101773523
104469627
112799002
100217899
102594856
147093999
105601571
105513678
98481367
-----------CASO 9-----------
106544930
101350270
117859262
109708659
136197372
165558828
108381727
145034054
133924095
137201744
114593987
121670670
101777789
120864699
133648042
131462232
104673146
118632382
109119007
95801478
122172857
103873147
291218400
299192363
144727708
145421467
164471683
159135796
161870300
175508682
106182691
107263436
99081260
104449147
234372393
239614840
230240985
221856996
102635389
106506530
214286659
213286980
168547625
174198390
105171065
134672041
124656907
104678266
120562619
120369766
106471543
100634325
127268104
134774014
220094011
123988321
146136132
199475798
94579079
129776900
118336275
103244668
97679235
108490955
100617684
136677799
100895018
96502490
131345752
105087439
108249888
102608935
112630469
111585137
97053316
163821871
121305018
115998571
179134917
203457019
97352835
102746749
188752825
188760505
189923171
166186880
201400915
156408120
197372334
140004941
116071104
193905672
196931588
214747032
143863709
170108369
102674215
107566796
101036670
192377781
209618505
103355174
97218436
114489027
160999047
259140789
106119118
105375439
111801457
106563277
134908414
110704072
107288609
106972876
396948399
185176083
116491797
120055740
120057020
117131370
98251821
201931688
290363788
108227275
103053521
128769968
101986003
186022589
231014104
114140014
108979060
133978282
102681469
108786634
105497038
102805629
560283016
118447209
118407955
123969548
99517740
155292815
305461796
103905147
105130532
101025577
134938708
108361248
147700291
148353944
102313683
98855127
105626745
97126276
110346526
96223450
169754663
259479987
130651139
110982685
104330533
181931287
108414581
105289251
237773349
253068049
259407028
102585042
170429648
102249683
493113822
106295331
150298261
149188929
102753575
104700880
114665240
99953365
104638586
153679164
160960221
101208617
105902371
297709699
192861619
165943680
110273992
104421413
138387449
120878778
308581152
260708360
122462990
123541602
182382273
175916575
102867495
111843271
103747280
106039758
-----------CASO 10-----------
97286275
107689248
106877303
112587802
151934952
197235374
197831000
114027374
115536065
110111006
172609059
153426577
138264143
108669301
104007974
123537761
115720812
101041364
120326246
110237725
583418560
380213700
177465373
476443977
172533113
98124248
102522749
109336607
111986630
148472557
100439765
113402309
103706747
198325933
108252021
116572438
132673537
112811803
119550141
131116206
149147543
103818107
195975003
182145900
140345420
138140836
230298158
203954086
328183899
106248824
100251179
123317602
102663548
136402599
175777909
173789218
182434753
98126382
95521585
101371603
101316990
104913359
110669085
102640082
98091821
95443505
101068670
190750902
100473471
96932142
97165529
103341094
104774692
99146113
147355545
101083604
106112291
104738426
151629460
689160505
105020879
134867028
109763700
99907712
100805418
172266020
192408500
100441898
106238158
139442595
111208391
109726153
98280407
158257717
139679821
96919769
112377883
103990480
108857034
102876029
95745157
99839446
190953995
109644660
228562908
266979924
96213637
101409577
106421624
106774050
364667693
376627144
97905368
105770958
99958486
97622489
110611912
103581307
104580133
95544198
122944696
96563503
98206595
103325308
104676559
106812877
94535559
108009675
99868033
96435504
101356244
104201680
194705244
194760284
136772091
126872157
101626750
99511339
96776836
104378746
153506790
158960863
103964453
106169038
94492893
93601160
158810250
102069630
150331541
189914637
99862486
104124454
187883706
159131530
99937579
101637844
96719236
107401250
135686226
197899693
100403498
100784938
119748967
100394111
100469205
270939387
120687632
102704508
434247551
100328405
100640298
151077780
104795173
106706210
111437938
103945680
155080761
151747646
95642758
99941846
116477717
101665577
105086159
168522024
100244351
94681052
105776078
113931801
99747712
182410433
161788380
109517940
121232058
117460756
99774592
140540834
155475854
387239184
528506630
138566223
