-----------CASO 1-----------
47006660
60541789
47172633
57296567
52000360
49800896
52890385
49721536
50204095
54703716
50795881
49779136
45768048
86741649
53848251
60201736
125020427
45698502
55739236
54318864
55035663
53197159
50186175
49041004
46047941
71045030
53210385
47265646
52624146
48878871
57509046
58096565
56953953
51529747
50474175
50621802
47636419
53274385
52956093
46761327
46450714
50126016
52374120
52808466
59462323
49988203
52191079
72272974
48153538
60439815
49894336
52181266
48720151
51536148
62242907
74879904
52670226
94460039
50843669
48530711
52434706
47501592
62730586
47435459
56283235
50172522
48785431
65267970
52878013
64764077
53440785
50400362
83125227
55632569
54493797
55490489
50891029
48468845
50514709
60831922
58998537
54224144
49838016
49140417
50498496
48130925
50971668
49587990
53391292
48331885
49639617
72887373
50192149
49701056
51617214
58841951
49669056
49384044
51263508
84264852
49346924
53147665
83843306
53777851
62789040
58217312
48366872
54612837
49787670
49641323
56590008
56705207
52933906
51683774
48465857
50198975
53696784
51806653
51097961
49960896
58466912
59742217
63786158
49879830
58038539
50849641
53614865
112690203
113599427
57071287
54212624
55950435
54504890
50946068
54891023
49925056
55142756
52764093
52945852
55020730
55978595
49367404
51849747
49279510
58679392
47505859
54785210
50885909
57452300
63717892
75400010
49349910
52537106
65263277
69341351
47185433
67655593
77878087
78154567
50545002
55069369
53897317
56970593
47516953
51592468
54716090
50225429
50183189
55585208
50827882
59950430
62729306
53866171
60067336
53469798
49744576
54693903
54603450
51983720
49721110
65138263
52428732
55154276
57003020
50539029
60125363
54241210
51560040
49948523
52282813
55826275
52378386
51789160
53437372
53009852
52418493
53471078
58023606
63480666
51647507
50673428
60624989
57214220
52261053
58032566
52800786
48132206
54007824
49315350
52900625
57295714
49519723
53630225
50731029
58535606
54206224
306142755
58590645
52046013
50394389
47952579
53727505
50277909
57045687
55016890
56471394
49801323
56170168
59394911
48984257
51050175
48313111
60968029
51145321
126485172
59474698
49976683
48563564
72568654
49555563
56723128
47749912
99682433
52151400
53659238
49988629
52305000
61771015
46259568
92155616
60810162
47805806
52153960
50237803
50668309
57560673
47654339
52765799
46790767
50551402
48514072
53424998
47409433
53273105
48563138
60774749
63400452
54736143
53324306
58534751
101389096
54524090
51781054
51189267
58457526
53113532
51987561
53442065
50908521
56689421
50946922
51273748
51975187
56880994
49808577
56357475
57285474
51310015
49670763
49778710
92613002
47141486
48438979
56127502
48514924
60465843
57554273
51871080
52979132
108274635
113776494
68372392
50992574
53366118
51603134
50107243
62113628
49778283
54242491
52093800
50254015
51525480
58407179
48381378
106179704
50003136
51188415
55560463
57639606
50703722
54571450
49180524
56014862
48043459
105628025
53046118
52902759
55691022
57005580
49146390
61213788
54805263
52021267
58680672
52266599
50281323
51516947
52779025
64374105
65040983
49515030
46507460
50026176
61208241
50814229
50685802
49261164
51742227
51190974
60332723
51572840
52961639
50774975
74245025
51816467
49198870
49332417
57885366
61352455
79698244
49816682
56990220
47531032
48054552
77966407
52889105
60593416
51907774
83518613
53442918
61350321
52417640
57297420
50547562
54414437
56558861
78003953
55588622
49668203
52414653
50614549
50859455
48955244
52799079
48384791
51312148
51902227
47656899
53305531
70877776
50212203
51353534
66748075
72315641
66707968
58619658
54172090
72391588
53043558
56680034
-----------CASO 2-----------
47453805
60710749
50322709
47702126
50656789
59791283
99411926
87415355
48503831
61000455
50234389
47771672
51269481
109963379
49035030
51923134
48613058
66203648
49795349
50076523
53639184
58170379
52626279
76469236
53743292
66682368
50558229
59549790
53220199
122107151
59296351
51357801
57951072
59273737
65097303
53552998
61196294
74772385
52022120
57086220
49780843
61746267
81917335
49393857
50581269
58817205
52633960
50716948
49529536
51211881
83050987
53183932
54294117
58677685
48519618
64639064
69942523
48514498
51347987
66148182
61812828
63158532
62945199
47333912
51904787
115236119
110422046
51383828
51093694
66797141
63228932
60576349
64424024
51962813
52185534
53666491
61855494
60078856
77666460
50164416
50718656
49543190
56834914
51691454
50529643
50472896
50730175
56520035
52919826
49518443
53975824
47618073
53683984
48764098
56244834
48765377
49964736
60235016
50118762
52916839
51988840
54333797
48864364
52083560
48098072
49014550
57128460
50099990
49379350
51157268
50767722
55585209
51325374
52190227
51772520
58239072
52241427
52342547
58808245
69694204
50970815
48993644
51675668
119431954
51261801
55856142
50806548
62872666
50975081
59670964
147238638
59405151
48256365
50050496
56595128
48594284
48290072
54769424
54512570
52441960
50332096
51379135
56139875
53155346
51277588
53025639
47539565
53157905
49191190
54180197
51753747
53254758
62210906
51093268
56531554
50796735
57870006
49543190
59697843
51243455
52019987
50273216
51955987
51289107
54862863
47083886
56167182
49743723
49458710
53940411
54760463
54783503
56438114
52141586
48534978
53083665
50556949
50068416
50381162
51398334
53001319
173551565
52317799
49382764
51608681
55010489
53623398
49594390
47329219
53861905
53485585
54115344
51336041
57456993
51687614
103792507
53170278
63832238
55388942
52502120
51962813
48207299
73811105
49413056
108174368
51631294
76543902
50732735
50131563
50258709
48318231
54709690
49899456
51503294
93934813
51090281
53902864
57841419
48610498
49113537
48453911
48837911
52811879
116825024
48240151
49454870
50369215
49983509
50884202
55701262
54499343
54723770
50520255
52446653
53124625
55628729
51679507
113442842
48845591
64616024
48085272
51300202
53739025
54352998
51439721
52573372
54503184
49393430
49206977
49937003
47766979
51711507
51409427
60881842
50065003
46771566
50045376
47456793
68473513
53156625
53070865
52620306
49893909
54633743
55382116
53661798
50452415
49581590
52701800
82601707
56889527
48728684
53580731
49304257
51659454
52392893
51632574
49378070
48733804
54528783
53031612
49455297
54715237
50175936
52675772
48622018
49270550
55915022
57198860
50741268
58909791
48957377
48578498
49666496
53358012
53668198
51457641
54096571
50588522
104126160
60636082
48594711
46203248
54265103
50109802
50930282
49825643
51386814
50795882
58171233
55525049
55973049
53047825
54642703
46738713
69020498
50376042
53577745
51081748
52741905
61648135
48999618
52393747
53456998
141594272
52096360
49405376
49691243
50698175
47016047
69916497
53908411
57342219
49414336
114495854
52383507
51530174
56070328
54134117
54526650
51926121
50951615
49483457
54754063
52010600
50133695
119491687
60549043
56729101
48851138
54418703
60534962
51203775
50330816
51948307
50237375
52353213
46935407
52640360
53020092
58480992
56037048
103599654
54796303
50026175
155990414
50905108
51256681
52462866
61244509
64064772
50139243
55879609
57194593
50486976
59376137
59673097
52803773
77570034
47674392
52880572
54467770
58151606
51533588
52117693
51592041
56899341
64454744
64308824
48986817
57424993
55838221
61703601
50907668
49943829
64070744
68381352
48451778
62349147
54598757
-----------CASO 3-----------
54478437
51691027
96199130
485525992
51335614
52841746
55475555
52728252
51409854
57064034
51094122
51433321
57934859
59126538
110352926
107358582
51779774
53634065
58116193
54020624
53805584
55277156
54375611
50155455
53647291
50438335
48921964
50186602
54530917
50011243
75222944
57302967
52623720
54487823
52180413
58792031
47745219
51532307
49535510
46609860
66204929
46149061
53755665
67188394
49562817
49202711
49413910
48268311
51462334
51593747
53308519
60402270
48529431
52458600
53980091
49538924
51626174
48929644
48200472
109893832
51335615
49355030
47822445
49575190
47105647
46878660
100085206
64038745
49328576
55269476
105654478
66541994
52839186
55717049
49444203
56495715
51330067
54120037
112546416
52691559
51054442
51770813
49880683
51793854
57600780
52678332
47486660
49602070
57374220
47843778
52058813
49846977
54828729
51617640
49581590
52158653
57143820
52320359
60436403
49571350
53725798
52688146
50146922
50901695
57234274
52157800
53683132
49942549
53428839
50631189
48485485
63932931
56585741
93754760
50557376
52933052
49691243
51631294
54332090
64330158
52054974
50512149
57575606
50681536
55671395
51386814
52337427
52522173
51253695
101463337
55210596
53159612
52531133
53136573
52817425
85175784
52949693
46741273
56015288
46140528
66274475
46675140
52168467
53682705
48886550
51688041
52410386
53973691
55753315
49861483
49608470
51185001
66574848
59382537
61124189
52659986
49069164
48025538
57097314
51370601
53706598
50836842
50564629
52773052
51356521
49400256
48182978
47882605
51529747
59735817
49130177
54527930
49550443
50643135
84208959
51071934
70320123
61798748
69465937
49183084
70140071
51113748
61391708
49458711
50951188
55544676
51586494
59358217
55676516
55292515
48212845
54929423
57855500
50283882
50333376
57794486
50693055
48307138
51339881
57270113
57456140
50737855
50054336
51339881
52497853
52425319
52657426
51921000
51690174
49740310
50788628
51929107
55629582
62410587
52991506
49802176
50323989
51432894
48608792
51285268
53326438
113891268
129389915
52460733
52543933
131597912
131169112
53582438
54472890
47458073
55106489
50813802
63181999
55395342
60993202
50888895
49735616
57108407
58236512
47277593
78274033
61741574
54494650
56816567
57804726
58120459
53623825
50344043
52590866
50488255
49508630
47073646
52629266
48653164
60537523
50954602
51196095
53529532
57450167
52696253
58512992
51984574
55519502
50753642
48688151
50841962
319183378
51455934
50555242
49144257
46952473
49639190
53294865
50331242
60200883
49756097
47736259
48769217
52263186
51123988
119132008
57073421
52220519
54274491
48129219
54280037
60342110
51167935
50517269
49831616
54625210
59880884
49145110
53961744
118663101
50397802
54798436
57698912
71668814
59005364
51719614
50907242
53593531
49387883
55398329
51308734
79664965
57325580
106611917
56840460
65000023
57357153
49493697
53611878
50896575
57241100
69039271
49515457
52520466
46983620
52877586
53740304
62675120
52192360
55329636
52811025
70722470
56032355
56626275
56318648
53055078
48868631
51399614
50160576
50190016
59303604
58618805
50119616
94877318
82434881
50521962
53360145
51970067
50093590
53110972
49100737
50441749
67849727
50064149
52626706
98264194
92598922
49912257
46751513
50442176
51548948
47381700
52372839
47291246
60713309
49654977
50820201
67990100
61296561
89098553
94218120
56729954
50041109
52784572
104730319
53173265
69523537
48434284
80707310
46275781
51102655
56579341
51287828
50701162
53026492
48187671
47206340
50344042
50957588
64303704
53454865
51059561
56486328
55259663
107873568
55284835
46903833
47921432
52161213
56290488
47191833
53603345
48501698
90858550
51002388
-----------CASO 4-----------
81341763
63305306
52248253
52592573
49556843
47330926
49448043
51514388
49887083
55352249
47134233
61563228
65663489
57867020
50071830
54490810
53284199
47146606
123717815
57098593
49759936
53552571
70885883
47949592
55544249
54502330
93120308
48543512
55344142
87187515
93843080
58997684
49011137
50516842
75028811
56746167
49811136
94168626
49431830
55623609
47352259
56377101
56751715
51551934
48071618
48539244
47817752
54560784
54905956
63642799
53177105
55999075
113655748
64691970
53660092
55336889
54885477
55266489
52153534
46229274
52282813
54254437
80362137
82451095
47019033
49228311
66840661
48745751
46346181
50260842
99717846
58426805
59536138
55644515
67363327
55585209
57561099
49097750
50190869
49830337
47692739
119224594
49823936
58282592
51461054
53096039
60665949
50521962
53091772
61755654
64644610
55327503
53263291
51714494
52600679
52209426
54625637
62143921
51806227
52318653
48229058
51232788
46108528
56538381
65407916
51428201
56773474
53775291
53240679
47573699
55127396
52313533
55602702
50709695
51772520
108967967
116523797
55443556
55951715
52555026
65498370
50649536
53745425
47481539
106576931
65462103
48183832
50181909
51560894
53985211
51801107
61357575
56894647
47514393
59439711
62049628
71737935
49170710
56864353
71477242
71619322
55287822
52783293
58739552
61183068
52474387
56470114
141667658
139551821
61678428
49959616
60306696
58598325
51789160
52673639
49299564
55211022
51834813
75291210
50546281
50037270
50487402
51910334
53930598
108475168
53731771
49318337
53243665
50498495
48302445
52527720
57089207
50535615
50380308
48358338
110399432
51746494
49375084
51894547
55280569
48319939
48126231
54236517
52296467
69221458
52734226
55909902
47781485
81148909
46308635
50621802
47162820
51351827
53512465
46091461
47903086
50693055
52177427
46793754
53376358
64843863
50989588
53860198
61267121
53710438
69705724
48525165
60656562
47399619
54557797
50470762
47271193
49641323
51109481
75894089
52200467
50162710
48159512
56153101
50749802
50699455
108640287
52150547
54033851
58614539
47673966
54436197
61187335
55697849
55619769
61407921
51534867
55426489
53168146
53355878
52557159
117476970
52992786
51432468
51251988
48726551
48092952
49518443
55068516
63613358
48826391
48799938
49149804
55120143
47991405
54320570
47464046
51537854
65134423
51795988
62177627
94241159
46230981
68661672
59549790
53160038
53782544
49875137
48644204
88625379
54138384
52660412
52069906
83057813
52214119
50866708
48034925
49764203
62117894
52848573
48618177
54641850
73022626
53183506
50946495
51322387
66842367
57521420
60583602
50345322
49510763
97012782
46009968
47255833
50147775
53935718
63154266
48396738
61869147
75315957
119144381
49657537
51428627
51380414
51757587
49599083
48618178
49276097
56432568
50042816
53282065
46779247
52398440
120791313
48240578
58556511
68619006
46351728
110483059
46085061
47915458
48654444
49515457
57434380
48483351
47147460
52640359
50129430
93821320
54688357
54364090
53040998
51746067
52773053
51294228
49809857
55354382
49165164
66421248
48720577
48088685
50771562
82202775
50627775
46640154
54635023
59630857
52500413
57065740
47787032
52305000
54747236
47410713
53171132
52112146
52273853
53519719
52021267
49464256
53163452
52130920
55227236
51113321
74337185
103963601
47347139
50613268
48502978
49088364
48735084
46233114
85194131
62256560
60104456
51027561
71871055
65464663
94864092
53874277
62107227
66436608
52339133
58947338
51596734
48578924
49123351
55600996
52015720
50346175
51117161
49454870
49063191
54856036
47517379
51387241
71641508
50575295
61772294
60619442
80362563
51086441
48760685
60231603
67682047
54643983
-----------CASO 5-----------
77879367
78290673
125122400
105072932
72589561
85223144
56832354
54371344
47088153
71763961
89233379
119465234
52524733
53137852
50996842
65058050
52298599
52979559
53187346
96750809
53390012
57802166
53765478
59009631
50980628
54170384
75546783
52038760
54949903
72016121
61162589
51656041
47001113
51283135
92415455
51342441
75080437
53241958
67250687
53865318
49880257
68591272
56514914
47647513
48266178
49147244
47921432
63932931
57150220
47141060
53208252
50186175
58343605
50683242
65960875
57628512
65130157
49903296
58268512
53551292
53709158
48747458
61284615
63757999
54173370
53144252
87255354
60505522
49580736
52924519
60549469
60851549
46600474
49147670
52721000
52568680
51840360
55797689
59196511
60709469
52872466
57829046
52942866
68318206
52573799
55644515
54515984
54574437
63850158
52648466
50656362
56071181
133244417
49634070
54482277
52062227
59613364
57139554
50178069
53818811
57721526
50318869
52514066
47887725
57197580
56077155
52121533
60109150
63981145
49736897
53497958
51328361
50109802
58397365
54764730
61198001
56179128
63478532
55397476
57475766
60558429
52153960
52075880
50518122
314872344
54948196
53518865
84961171
51535294
61106695
51019881
53971985
54635877
54913210
46009541
54491237
50409749
118340115
50946495
57245366
56468834
53992038
52076307
60264457
53710012
46469060
81170669
61958321
48895084
51359934
49005591
64756824
52186813
60396296
58532192
72965880
48851138
51169641
55225530
56846434
57774433
52502972
81764589
58175072
47499886
50297109
103292882
49596524
50372202
59714057
59039071
53040999
53882384
74576118
73577292
55049742
67841193
50332095
54708837
50706281
47304899
47981592
47713646
64198318
50067989
53146812
51048894
52895079
53343932
49696363
50559935
103945254
54454544
49932736
51075775
60537949
49132737
54080357
79956377
76114676
55521636
46027888
49648576
49087937
51883453
49742443
47571992
57836300
52151826
56872460
52275560
56300301
49727936
59496031
51188841
69843111
74862837
46278341
52485479
61009415
51231081
53197585
54248890
48001645
67597566
57435660
63471705
57233421
57565793
50866282
59865524
58077792
73352013
50781375
55793422
57523126
58263392
47129966
54195557
49500524
72352761
50057750
50948628
53567505
51315134
47190553
56512354
57355873
57891339
50059029
70327376
49995883
47934659
78861125
48235459
51446120
47443566
53298278
57865739
57672033
54382864
67242154
48763244
52385640
52119400
72941133
50683669
51427775
50606442
51122281
45955781
50638441
47972632
46492953
50359402
51318974
48645485
48486765
51062122
55037370
49530817
52191507
51757161
123799735
50172949
56968033
53842278
70784762
52516626
56064355
49446337
53516732
54009531
47670552
52939452
52910012
53792358
50907668
53274812
76078409
48948844
55467449
55246009
50887188
53533371
50716095
50260843
47469592
549556630
61247922
47849325
47265220
51315561
49214657
104065574
52563986
48851138
53111825
49483883
56703074
49521430
47292099
95194758
73734306
57611446
53701905
46861166
47016900
70975483
51942333
48113432
76252489
81489815
49499670
50190869
54226704
49714709
47409433
101356244
50990868
52894652
49499670
52184253
46547994
58188725
96467076
53150225
49085377
51881320
83018134
55530169
50538175
125669812
56069475
49851670
55711502
46614981
55183716
101951017
51737107
47239620
47417113
51263934
53054652
55028836
75976009
49060204
52503826
51560894
52124946
47342019
54946916
64444931
46899140
48482924
119012114
51198228
50350442
63100932
48450925
50480148
54593636
51709374
65384450
55152996
51522067
51353535
57852939
49151937
49193750
53049959
77209501
50769855
52813586
51762281
73254306
52784999
63327919
50379029
60224350
-----------CASO 6-----------
57372086
57547020
51420521
58370058
48572098
48012312
52469692
53833744
52845159
137619450
52189799
49665216
56231608
83066774
72158201
56963340
48273005
156686732
53977531
50562495
67521194
48254231
92840841
50422122
48064365
49435244
49599510
47986286
76490996
50813802
52171027
50190016
46187461
56995340
61558108
120719205
48999617
52542653
55568569
50239936
54925156
65749675
58989151
55923128
52926226
57641313
52081427
55635982
61669894
75541663
87955088
88154767
50367936
88578873
50396522
56446221
52633106
56466275
54394384
53384465
52071614
55807076
55406009
49969856
54300517
47854872
64426585
48711618
49988630
49593963
50622229
48981271
64699224
136800251
48724418
50850922
53567078
57896459
50293269
58136672
57116087
54634171
52490600
87135035
50914495
56550328
51327081
46738287
47746073
46281327
72262307
54869263
58126858
52447506
53756518
49973270
49008577
52953532
52472679
50157162
119067155
51347135
47131246
95293745
56448781
52120680
60415923
75555316
55916729
55406863
47934658
51468734
54601743
58091445
49166871
53972837
51186708
48697964
53877691
62200241
52036627
47412420
55740942
48825964
57704033
60044296
48594285
69052498
60200883
48686444
57148940
62765573
50171669
47868526
49002177
46481434
52960786
55239609
47772099
48562712
58615818
49763349
56545208
48229058
52251240
68748712
54337210
84482879
52172307
51419241
60541789
55227663
48334018
76504649
52784145
51927400
48369005
66592341
66045782
65424129
59066804
54346598
58893151
58169099
58143073
58652085
67063380
52393319
55144036
52469693
60544775
50019349
57298700
53168572
54293264
63958959
60559709
53459985
50643989
56139449
50505749
51752893
50830869
49928469
317905939
53208679
56925793
47037380
65856769
91281803
48669805
53704038
53801744
47992259
51446974
113444548
51212307
55488355
62328241
56741474
79605232
47077913
48716311
51036521
52307987
54677690
53113959
47698286
59659871
48392471
49611883
48840897
101153577
48669378
50515989
48149272
54200251
66580395
54672997
110457459
114045720
64074585
66082476
101770110
95665798
47192687
54908090
84211519
79345819
63128239
64893784
65779116
66748501
80019951
74620065
52254653
52775185
50590228
58986164
63176025
54840676
56836620
57363553
51648787
49802603
51342014
51334761
49716843
49646443
100699604
47403459
48292205
50243349
55450809
48706498
100762324
49236844
50423829
71219535
54654223
78253553
49435244
47640259
50463082
54098277
73605452
69852924
59767817
50643135
55775929
53489852
75496010
50450709
51647081
51842067
65579863
54071824
58594911
52844306
56569101
50747242
63896665
50732735
61241095
114135320
63764825
54702863
59478537
52656146
54894436
62988720
52458600
49989483
49516310
51983293
56308835
47310446
56256781
57068300
51976467
78598726
55828408
63100932
48101059
55740089
52470547
65574316
57346060
61056775
53777851
55215715
49433536
46454127
51025428
50329535
71550202
55180303
59642377
53094759
74533878
48451778
52461586
53312785
49213804
47454233
59674804
52262334
47609539
306793848
51489641
52695826
48960364
73489826
58849631
52166333
59793416
48018712
56759394
57736033
60556296
69477458
70959269
49511190
49545750
52511507
53507345
77782940
70986149
48172738
55543395
132968790
128583942
56413368
63694425
67955540
65023916
53303398
54548410
48584045
58493792
51664574
49724523
58668298
66724608
48747884
49661803
61975387
57380194
51454227
65113943
59177311
59728137
50573162
54440037
51459347
49530816
115660225
117681342
49934870
63612505
54086331
48174872
56800781
56027235
50465216
57677579
47524633
53839291
51795134
66412715
47201220
55918862
50635029
51861267
50444736
49895189
51376574
57145527
66665728
82941760
-----------CASO 7-----------
69014952
50120043
61150215
49242817
50770282
101728723
55356516
69451004
47459779
55110756
50985321
114684014
49114391
52896786
50627775
47836525
57618700
49488576
48243138
57577313
113725722
45894768
52290066
61593095
50607722
63776771
52809745
52962065
54371771
79222512
51491774
50255295
92144096
47746925
51855721
52254227
84328853
46753647
50705002
54574437
73649825
53951931
53380199
50895295
54328251
51251987
55087290
54445584
49161751
52527293
61409201
68913405
52668519
51624468
49293590
47349272
50923028
48397591
50792042
66716075
87127782
89364792
50475882
51598867
48239725
53473212
53370385
48966338
60566109
52304146
49688683
54770277
48424898
46850500
49604203
57632353
48820418
50968254
50850068
52654012
48242712
48801644
48669805
46986179
50504042
52828519
51723454
53267559
62136240
48176578
49288897
98739501
51442281
53996304
95357744
63845892
52304146
54795876
60085683
49648150
46981060
57494539
58136246
50454975
55618489
52350226
50349589
52063080
65384023
48051565
91751135
47958552
52330600
47062980
95668358
48773911
50438335
48680897
58611551
81625495
48143299
55371876
49349910
61272669
76162889
50956735
58496779
54461797
47289967
51812200
50963988
48003351
50638869
50063722
50302229
54570170
48822978
52360893
57882806
47814339
51089001
52401426
52580626
48231618
58094432
50936682
48539245
61032455
83604800
64489730
48938604
48491032
50354708
47769539
52505959
53178812
61053788
53127612
55682488
51196094
50472469
98512514
51636841
67030101
53090918
54815930
74469451
48092098
47669699
47394926
46513007
53119506
103746854
56930060
49223617
49560684
56220942
52370279
55162809
55306170
46333381
48043886
46831300
61203975
47012633
53253905
46530927
50518548
80726084
92543455
46511300
47979032
51077054
63991812
56463287
54214331
57770166
62755333
52432146
54104678
47419673
51540841
51202922
53453585
52002067
59278857
83595840
49352043
64930904
56049848
61537201
97784194
48264471
47625752
53231291
49597377
45492422
49865750
62238641
61048242
51907774
61761627
79933764
59760137
48885270
51408147
49653269
53261158
52202173
52361747
55548089
54407611
55465316
57464247
53880678
47978179
57053367
53733478
52870759
55207609
58005686
54171237
85511144
106227918
57227874
61413468
47438872
61088775
53439078
87608208
54272783
58054752
54353424
62094001
61013682
52081427
49556416
54208358
50298816
51376148
53352891
62495067
51795560
51183295
74809077
54516837
59629577
94199346
86662289
50119616
52569959
48425752
55927822
58373046
57932300
47587779
57541473
48223938
49784256
53054652
53562812
54297957
53915664
50038976
55312143
66740394
63923545
56398434
60980828
49178817
53634065
50086763
63537412
48518764
62417414
53533371
57046114
53236412
133654869
50388416
51208041
52583613
47161540
52878013
58799284
67811753
50231830
49672897
48195352
48024685
57154060
155950307
129328047
95878277
101153150
52678333
53202705
49210390
48649324
62664027
66550102
46886767
55629156
80755096
85958716
51731561
56106595
67614634
68046419
48216685
59674377
54056464
52963345
48463298
50307775
64419758
64168451
53212518
64797357
55190116
56059235
48361324
86138770
52657852
49955350
48947564
46243781
51758867
53899451
52695400
104796879
56154808
55790008
61643868
52959505
55303609
56124515
52580626
59351391
50339349
58106379
50401216
67009621
82156695
52339133
49233431
58146485
60563549
60631816
50187029
60532829
53771878
49534657
50836842
49991189
48453912
46606020
50083776
46747674
53277372
74812491
55119290
57337953
53201852
59067231
51610814
49820097
53078972
54852197
62743813
57221900
52708626
50160149
50519402
62343601
52380946
58615391
87991781
87759674
52388200
-----------CASO 8-----------
55759715
96788783
58076512
54329957
95594971
66887594
50635028
52296466
98181420
51960254
50764735
123999841
52784146
51814334
47984579
62797573
61768881
51773800
70670416
72732066
72724387
48649751
63753305
50201109
50699029
52181693
54583823
59510537
50188309
58580831
54766437
51777640
53038439
52767933
55793422
54794170
53593531
54680677
61827760
60915549
61240669
65800876
57521419
50382869
54476730
134224041
48377111
60057950
55826702
63813892
54996836
56819128
53285479
56392461
62651226
50804415
52736786
52764946
57358860
51482814
54448997
53550438
50678549
175966495
49666923
49867457
77523954
54426811
49603350
49363990
63501999
60223497
52487186
49738603
51474281
52637799
50161002
54309477
59388084
71091536
52913853
323825505
138281636
57303820
54355131
68389886
154367375
60522590
59999924
66102529
52254653
68558419
48795244
49472363
53474918
53222332
110859378
51044628
49816256
50074389
55818595
53902438
57900299
53650278
56709900
63091546
303462012
48500418
63191385
50536042
139401635
49014124
50569749
83275413
74306038
72741454
71914148
52915132
50904681
55955555
52326333
55335609
54570170
47897966
48482924
47782339
53585424
50789908
52723559
47938925
52283666
54414864
52143720
49906709
68205993
52425746
53462544
47289113
54518970
49332417
50617109
55292516
55431609
55091129
53383185
46992580
51570281
50750655
50834708
60889095
53710011
51575400
50856041
46722927
47280152
46313327
52226493
56680461
49558976
62766426
55719608
64810584
55685476
49729643
57653259
57213793
102377683
49874283
48174445
48732951
55456782
78841499
51221268
107414476
97877635
82957547
76640328
79330458
57169420
50371776
59470857
50885055
57241100
51180734
48305432
55986701
49145963
57103714
48432578
127084637
46550981
56044302
48744471
52342973
101016190
49999722
51487507
51029269
51842921
53853371
54120037
47207193
50890175
68186792
54165264
58754912
61861041
61015388
109743646
52207293
52341267
51153428
65943382
78252273
62552240
54071397
70703696
54515984
57939979
55373156
87362448
49989482
53614011
48365165
103603494
59382537
51358654
58221152
72318628
56970167
49917803
128739675
91356043
54793316
50856469
54136251
55238756
59661577
57395553
58061152
54167824
47945325
50416148
49073004
53397265
61307228
55394490
55739662
60080136
78641820
50994708
56360462
48474818
53842704
56662967
67901353
58205365
70193831
54540730
59710217
76808435
56345527
58289846
52323346
188368399
136551506
96763610
142673311
168120958
85647677
66760448
60046856
99403819
73540173
52781586
53086652
234077141
145680027
66345302
49120790
51448254
48680471
48581485
51728573
55294650
57097314
79667098
131454552
217987988
49373377
48782871
53093906
50505749
54241210
56992354
48071619
68253780
48298605
69759910
67982420
60505949
52452627
96956889
47801965
63952132
53622971
54734437
51269908
51137641
52439399
64948824
83248107
54142224
48837911
54383290
54399931
57482593
55912035
105393358
107219062
50039829
53335398
50723349
52008040
54512143
52824679
51473427
66549248
53732624
58082912
55376570
54582117
50214335
46754500
50724202
80412057
76570356
101790163
54279611
51441427
55298490
49300417
54593636
53365692
54459237
47905645
48185539
50545429
157507639
170497062
64341678
52755986
51169214
151143487
51999080
54401211
59874056
48697111
49689963
105521358
50533056
50752362
48502978
50220309
52984252
56127501
58449418
75152117
51479401
53016679
52385213
48585325
50769001
53493265
65823063
66024022
54281743
50968254
50314175
49155777
50760895
127881223
51980307
132621483
150551701
49288043
60725682
116555798
71660282
47423086
54934969
85032425
92756361
94616625
93377587
47167086
55149583
103142694
98288514
50620095
-----------CASO 9-----------
87540795
94532146
47850179
55854862
54827450
62764719
73710412
53607611
84703038
74990411
63180292
63829252
56806327
51159401
54736997
61044828
130439939
70401189
49759509
140681634
108621514
69095592
61437362
52246546
73210360
114557293
58636725
51737534
59103071
61889201
51666707
67476393
49470230
65737302
54028304
55212729
52072040
55442702
57045260
57639606
69752657
58667445
166419840
109150154
57214220
53246651
53788945
62960986
53826491
55803235
58757898
65211223
73935265
76880115
64778157
57033313
56355341
51623188
49042710
52823826
53520571
54350437
49587563
48043459
127082504
135493800
54836410
47412846
53553424
145355334
132977323
51356521
57003021
60366003
77991580
53288038
47985006
48825537
49657109
50419562
60582749
47973485
58998964
52521320
48578925
51023722
48697964
77068275
106251384
53180092
50311189
51723454
77367367
164370989
50132842
54271504
48578498
90668684
52199187
50126442
71554469
68502099
51120148
131246766
110492871
50199402
52712465
49198017
50250176
64716290
57822219
49456150
55080036
56090381
65426689
48412098
46228847
51781481
52043880
47990126
51447401
51260095
50337216
93393801
147367918
54124304
48035352
48560578
62003121
49535937
347976088
56577635
89683939
51929961
49546176
52093799
52032787
63199919
53756945
105090852
64301998
66626475
55975182
56819127
50821055
56234168
45760794
47609113
52325906
55522915
49073430
53822651
48555885
53657104
49041004
80777710
52291347
56927074
48603245
59037791
55371449
56444514
63353519
73863159
52288360
49705750
58088459
49527830
52019133
50461802
51436308
62783066
51528041
50415295
50828735
62670426
56041741
51918013
53592252
49964309
69858044
49466390
46746393
49454444
57891766
51268628
52521319
46903407
49259030
47930392
49191617
47787032
51774227
78636699
59054004
49234710
51465320
54117477
64104878
60206429
52238440
51216574
51551508
53975397
49646017
59448243
51669267
49227457
47465752
56851981
52425747
60150537
62502320
49329003
56883554
55264783
70731430
97057155
51585641
51229801
61970694
55964088
86836369
97770114
48341698
50095723
70394363
59387231
55204622
50011670
51063828
57075980
51740094
50240363
52487186
46779673
56654008
57080247
49071297
77186461
54214758
50287722
54716090
51180735
49489003
52850279
51983294
52990652
58770698
47765699
47891992
49780416
50401642
49875989
54828303
48487191
51347134
51535294
52020840
57373794
54194704
75811743
51255401
52728253
46375194
63793839
59212724
49634069
53919078
59961524
51028415
55088996
51818600
80035738
112805402
55963235
68107859
81303789
47511406
56747447
98768514
94600839
52226920
53735611
51444414
55787448
74210465
74809931
49899882
60451763
51301907
55528462
52527293
63749465
55281849
60115550
59135071
66841942
95293318
98036781
49768469
55929102
49764203
102288936
55316836
53354172
46163141
56729100
69340498
76134303
60835762
53350332
52142440
56663821
52898492
53492411
51608680
49823509
77084914
76853235
51010068
53565371
65163863
57285047
54057744
54039824
48634818
55041210
52927079
56280674
50456255
51027135
46942233
63354799
57714700
58591925
60491016
65023063
61279922
53212519
257143138
257198605
51536148
61290162
76506355
84628372
52469692
57015820
159874355
149377516
307018701
256152419
93098974
152701671
102016723
101989842
54224571
59436724
51524627
74036385
59198217
60825522
49743296
50216469
50324843
56030222
60813149
58241632
51516521
46544154
47435886
46658074
50236523
52423186
51804093
68037460
146299119
49352897
88628793
97318275
92697908
54844943
61347762
55001956
51276308
49699350
51054015
61703174
53355878
48741484
55708942
56762381
63833945
161946246
52264893
56039608
54684943
53009852
63290799
50025749
-----------CASO 10-----------
63711491
66580822
70711376
82457921
58516405
58833418
77679687
81754776
60804189
67757993
70321830
77755207
54815930
64604931
56773901
58724192
55521209
62782640
60996615
53610171
57648567
109506420
59257097
69348605
82733121
55838222
55712782
62732293
57698059
53187772
61941254
51746067
50809109
102212136
50300949
51453801
51074495
51255401
52161640
121802084
50096575
72726520
66330368
49130604
49009004
59228511
103902160
89471459
173304525
60081844
124335200
66540288
89419832
84933012
65412609
58836832
105569144
92616842
48023832
57460406
52896786
52526866
102562002
52675346
52322067
50977641
48298605
51903507
53797051
56931340
49265004
64058371
57164301
67135487
55580089
55253263
64077998
133103616
64121518
52137320
55122703
49023084
52305854
57025207
51618067
54460517
51109908
55173476
49101591
52746600
69951483
48572098
53656678
50028736
491116598
116382144
524126903
60007177
63481092
104674426
106105038
57279073
68865619
66583808
54145210
91712309
90531724
50102976
55263503
50784362
53576039
49297003
56158222
46879941
53149798
50620949
51672254
51857427
56591288
50310763
48384364
54906383
73966838
97144622
94544519
51427774
51745213
56619021
59939763
52273000
62975066
69321725
63335599
70388390
85300370
51881320
57939979
46932846
56318648
52172733
58137952
59548937
55893689
125948426
118377236
54170384
56586594
56670647
64749571
59451231
53454864
51730280
48732097
51843774
52170173
49919510
50854761
50467349
52454333
53217638
63642372
52320786
105165092
51845481
49866603
66007808
55730275
49144684
50812094
54425957
59819443
52329320
49335830
50495508
47440152
50933268
47810072
103255334
49526550
72830200
58307765
57522273
52360893
80716697
86378982
50400789
49806443
49683989
58271499
47646232
49230444
50678975
56901047
47219566
51661161
56479501
101382270
58625632
52063934
51807507
56357901
53943825
52437266
53431825
49576897
52840039
49267990
53561531
53003452
66437035
54277050
47300206
55894968
53462972
50930708
52575933
47023300
54190437
51617214
46975513
52597267
51101802
76685555
51824574
48753431
50853055
60069470
66929407
57570913
53533372
53487291
51865107
52453479
66200236
53739451
51132521
59310004
49718550
54960996
70416123
58597045
54008678
50171669
47537859
53346918
50203242
55194809
52086120
51693161
52302867
52526866
50323563
55927395
53289319
53392998
53522705
49999296
54436197
68367699
127251463
81562776
50698175
91376950
50003562
105103226
95353478
50026176
52284093
59049311
48990657
58995551
61771441
55788728
63048026
63465306
51788733
58733152
57989473
156607373
53324732
50884201
56935180
74547958
60278962
55848462
54904677
51615934
55257529
51014334
49422444
48494445
58670431
83696960
55864676
53267985
60415496
50107669
106258638
47854872
58264673
53627665
53325158
56280248
60878856
69942524
54198117
54273211
57483447
49881110
52134333
93194974
70816336
56989794
54646970
57904992
52657852
52460733
48229911
59389364
55634275
53906277
50597482
51432894
55892409
47849752
65500930
57709153
59208884
53958757
80356163
48350658
52300733
48369431
103312081
98579074
53537638
65747542
51308308
50036416
52988519
54314597
50619668
53587131
52100627
51384254
47609112
56250381
55741795
57484300
52520466
63265626
50055190
51318974
53911825
49491990
48582337
50795882
49817963
59051445
49434391
55284836
56973581
51123561
96782809
92236255
51614227
59918857
53094332
57951926
102020989
59985843
52536253
49401537
119473767
50300949
54329957
62992559
52444520
53052518
51391507
54667023
62157147
51674387
70654630
55378703
56049848
54024891
46728900
49324737
49157057
55858702
47109060
56872461
51499454
49582016
51381694
55030116
55278436
56136461
58198112
