-----------CASO 1-----------
100062592
115263000
103093201
104278053
94215986
132138498
112751642
105380986
102901201
105588771
97130542
98066648
97580675
101990269
105374585
102006483
100683818
215698498
120873659
105793571
108324128
110107166
102908028
166073387
102534696
104667173
106810317
108636021
116609557
111628230
107624822
110236019
104700452
167794985
114369560
96417156
102922109
137636944
124833120
110366579
104461093
100207232
138513316
103017681
96833156
114968599
105107919
110672071
142768457
114305133
96037851
128853169
98402008
124235361
108850207
115012546
106609784
109805939
110500552
108818634
104140240
99548033
109280286
132854443
118134036
108205942
101619069
155135801
140656033
110047859
109718899
102239869
96899716
104368507
113951427
101992402
97755181
194222685
104324987
94154973
108543435
173370232
102374269
99208833
96181210
102887549
99892779
93591347
93583240
95792944
183643498
100415445
103443921
96867716
116476864
111839004
106272718
193456392
118401555
94522332
132321964
108713247
102061522
99271126
103397415
135775399
112100977
96777263
98106755
154772282
109548233
104771279
102828242
100399659
109969352
101515816
100331391
130712152
116946624
119238247
124478134
111580017
120393659
106266744
113735962
101463337
95818971
122217657
113493188
125075893
130651993
102782589
98809900
200152917
187502267
153079271
153057084
129068635
114323907
100787071
101568723
116877077
115417452
106686583
105990691
125622452
152634685
107272823
100471765
104749946
107017249
98276567
106371704
107162743
107952502
101260243
101933950
107914529
98292354
106614050
106328184
113660867
114429720
103579601
95955077
100400938
110236873
102941309
101374164
114729666
117047744
110274845
109019594
108283595
108660341
105646372
108290421
140593740
117387796
138129317
103699067
133955668
126788531
103474640
101374163
100802431
122518883
158881504
103740027
105325519
99472086
102816722
109672819
108079222
108440181
97920728
103240828
118410515
123353442
99518166
105281145
111149511
114187800
101536723
104261840
101093844
123297548
108950048
105179172
123305229
116756758
102926802
110767645
107318903
109404020
104517413
112060870
135652947
114893933
100871978
100006272
147963971
111206258
102403282
101745363
143503176
105741945
106994636
100469632
105013199
118292328
107501089
102260349
103975974
97001689
105823864
103276241
99137579
101118164
108633034
100618538
100573738
96786223
141283659
104125307
106390904
105134372
126733918
108774688
102463015
104029307
97072089
101392084
102175016
96895449
111289884
97669848
96148784
100157312
158286731
108474741
106398157
96321583
106392611
105683064
114663106
112720922
101777363
99446913
104572026
103946960
97387396
111077404
100591231
105736398
104394960
111297137
162219739
99519873
100826751
105877625
208368373
188478479
117378836
105905358
130282927
111768177
136495186
121244005
103615441
121953124
100474325
109290954
101809363
129324635
104274213
107193036
98694273
114387480
121407845
171737807
99143127
102528722
95976411
367993129
102204456
101463764
99079553
170119035
101718057
99319767
103789520
105365198
99882538
102020563
174369484
100534485
99858218
115335959
105336185
107405516
100855337
111286471
98299181
98724140
141048139
103428988
107971275
170811515
166857600
103946107
105764131
103827067
102810322
104318586
104010107
97566595
102562429
165119789
113045615
93572573
98426327
111659804
110669512
110848285
110865778
104306214
100406912
111280497
113620335
117801236
100973098
102616615
100080085
143612403
113682201
119431527
106720290
161757233
110056819
130053807
96443610
105473998
103496827
116541717
106701517
115777131
100528938
105142053
95358597
161434247
104990159
122632803
97430062
100933844
101980030
96059611
103682001
101357951
144578802
108900127
105649784
107249783
110954524
100720937
120776806
108244342
94957532
98100354
107426423
119363261
102021416
153809297
107879969
134263721
114800066
111996017
141165899
110169885
99329579
-----------CASO 2-----------
101979176
101721470
101732563
102546642
130705752
162395526
121834511
148888130
97238915
105453945
111938417
102033363
121534564
134549161
99954219
103517734
172399139
123710135
99840725
101509844
97034543
101586217
133053269
99692672
125828533
109428766
126738184
117689876
98352941
142593524
182497899
112619376
95551025
114598680
99333419
101002537
103068455
104601039
136976464
182557633
208851359
100819497
117738943
110768498
104508026
102563282
105700984
105001679
95759664
97738969
106628130
100310912
115930305
108099275
102628562
109348126
111560390
112542149
111681990
144645362
149244396
123906401
123591521
113086148
100586112
106678904
109636553
96507183
103938000
98789847
105251705
114048280
114477080
138651556
138120783
184928617
100883497
589344952
106421197
112662895
95107718
99771606
101518804
102668242
110338845
149403542
108937674
109562739
111344925
100205525
102509948
122767630
114543640
119816806
148158957
94408840
98688727
108598901
107491275
105235492
107345356
130706180
179239023
100291285
103642747
101055870
102650749
96802010
97530328
104336933
119545447
165408641
103446907
103448614
114585880
110403698
105395919
141322486
103347068
130431833
102177149
116334784
113069082
95467825
123755361
103532668
107065463
101397204
103212667
102044029
101784190
107329996
102965628
105757305
105220559
102722855
107169569
106146424
100836138
97318703
602745682
97948035
103359014
115260012
111035164
107211810
106762531
102942588
108057462
105781198
113089989
120347153
132502870
101619496
100215339
109907486
132716630
119285181
105732558
118406248
109568713
104127867
99191766
117948010
112334790
100756778
100058325
123546296
104129147
108208502
120304912
106546210
100696191
127253597
100090752
115654252
153991057
99444779
119366248
108671861
106045731
103655121
127601756
107158477
103670481
133857962
96343344
100150058
100175231
146611866
110068765
114617027
107425569
100981204
103794641
102975868
142206964
107043277
98599981
98292781
100063445
95136305
102109737
104634746
107775862
100734591
105840504
111002311
105250425
104081787
109067807
105564452
375798559
103569361
103014695
101789736
102421629
113738948
101370323
111429404
106054264
103426855
103032615
126657971
196991748
113770095
105462478
107953355
98920834
125510666
110003060
101584083
105002959
99313367
100388992
114169454
98453207
97558915
140576246
104855332
107336822
102303443
128066397
151144340
108589940
100493951
101792723
95307825
106732237
106177571
140779766
103085521
95333851
107023649
106364024
100618111
100323285
111796763
111789510
119041128
125707360
115895745
128141063
150400235
158780810
121938191
117986835
106275277
104241360
104048507
99366273
141353632
171219408
104096293
108371914
98289368
101046484
102598695
95783557
101323817
103995173
100141525
106902903
118022249
111113244
97981742
101014910
144000242
144178589
108569461
100012246
98164355
103677308
103665361
104830586
102562855
101235071
107874422
108240501
147614957
167845332
101494057
97410435
124936373
125290933
101866963
97260675
100375339
102360189
98236888
109537139
170487249
123702881
96999130
104020347
129519621
142177952
111436231
114023534
99460993
111819803
102761682
99264300
107964022
104432933
94852999
95423878
97983447
105632718
107808715
117340010
109948445
105640825
118603368
102153256
102102482
103064188
118585875
106708770
104872399
113229935
100814378
97118596
102967335
100601044
121888697
121491898
111939697
99335980
109655753
113397614
101927123
117112597
119416167
142564511
165444055
107646156
111683271
111208391
131876951
109729993
104927865
102621735
102865362
104983759
98733953
178826011
102151123
102736935
105729571
106365731
174573003
98208301
103236561
99747712
104420986
105815331
108838261
97360088
100548565
109721886
105858424
126263731
110042313
110056392
107982795
113603695
107664076
108045515
119798460
119842407
114762520
119012115
100720937
106239011
113034522
116396224
127764317
117997075
134818814
-----------CASO 3-----------
103889787
127119198
108798581
149362582
100373631
112887749
172206713
101388243
104446586
105372452
105453092
102332882
112640283
115415319
104216187
108484554
108464074
116556224
129222235
115571905
122342670
102942588
129545647
130420313
154881081
167927678
140109048
115661932
105729572
104310480
110759112
136050599
124835254
126496265
109980020
105194959
104448293
108953034
111094045
98240728
103921360
126952798
145147548
98678487
100080512
113113882
100415871
103957627
104083066
619531153
112112923
131706712
111474204
104383013
98512941
123753655
122324751
98155394
101855016
123007842
100726911
100942804
104939812
103599227
101453097
95811290
152441405
148592023
105159119
106129357
101720616
148869783
99123926
110137459
112697456
99386752
107736609
101587070
102709201
131113645
115269826
105549945
155045775
116695744
126332425
159119583
165152216
115956332
115870145
110253939
118859368
137486757
105460772
621132858
99295873
97367768
99737045
109456073
110307272
162829018
173501217
100561365
99360299
114484760
106402424
141388619
106931063
106524877
103820667
113983427
109618633
99229740
117181290
105706532
106960077
595289265
99812993
154935695
105252132
108582687
110674205
96985903
103481468
138604196
108935541
113387801
108170528
125295626
96153903
96643716
179890117
128804529
103700774
105232932
115646146
105327652
199804758
98538114
97402328
102738215
109898100
108358262
107187916
102647336
105777785
112252869
342479775
112278469
99209259
101183443
106982263
114641773
118465982
168936317
105067812
103108988
107063329
104894586
105079759
104936826
103198588
104988026
106049998
107936715
113663854
115344066
408173130
102745895
137913424
99688406
97336196
111167431
108735861
102335016
107385890
200166571
109155701
106318798
105313145
109964232
102060669
112831002
114952386
102606376
104431653
102169043
102838482
108555381
109386953
166887040
114238147
107514316
104864293
105070799
111627377
167259519
129583621
101463337
98850007
102588882
98323501
98591020
104964986
175751028
166413867
102255229
103342801
224974219
224012513
102247122
111379484
138206970
129210715
104374480
104560080
198814039
225564297
97031982
102828669
108800287
107250636
99943978
109752179
128020317
127733597
112167110
114099054
115316759
113309722
105329785
96719236
120142353
111399964
106519331
111646150
134045269
132092418
104936826
113252548
113621614
109177033
106814156
106734797
105132238
110410526
115302253
117368169
102104189
106498850
106125517
110966471
107437089
107604769
117244009
107105996
103524134
103599654
152344125
159717769
117313130
118361022
114159214
112622790
96809262
112898842
102462162
157534518
110587591
109252126
106571383
98096088
205950883
107398689
101909203
103222055
107306529
96970116
97420676
102147282
107649143
103431547
152200338
119405074
108601460
98554327
103142268
122481336
111258737
135364946
105300772
99489580
100333525
106381091
118410515
104613412
162003420
106108024
110902044
161547313
132767403
101508563
109173620
108877940
213949593
107635062
113103642
118904594
160209715
101490217
147085465
116093291
104663332
101148884
98135341
101506430
122497123
154186470
123381176
129841754
111434098
108803274
102874748
102587603
120762726
137834917
133512789
108035702
117953129
110686151
109678793
107146529
105827278
98474968
96889902
152777191
99412779
117701823
108726901
100484992
132702551
102904188
100397098
253746022
150599487
97599875
102527015
99100887
101397203
95814704
104726053
100858324
160926514
102274002
104845519
100696192
121203898
111078685
99234006
107166156
172800206
128815195
105363065
108434207
108984181
102305149
105159972
104907812
101288831
104203387
123695628
109068234
105354532
118025662
116780651
101211603
102662695
204190032
102282109
122341816
108315595
95649584
167905065
123217762
107812556
101845203
124569867
105845624
100336511
102142163
116054038
151163967
101318270
104112507
109930526
98626860
100315605
104673146
98795394
122714723
142232565
-----------CASO 4-----------
101996243
110294472
107461836
106937890
98637954
103475067
101348137
106739490
108283168
110917405
106549197
106352077
100871551
105186852
109437300
108518688
96326703
103417041
103856081
134352468
97357955
113140335
102995495
105692025
97762008
184961896
94627292
126702344
114254787
108010955
130911833
180878275
111125617
95874864
97491075
109567006
108874527
110921671
186465895
99191340
102157949
96230277
215093911
152841617
129924527
107741302
131508738
105173626
152398738
155409721
105171492
113356228
182985579
256872631
109790153
113304175
100547712
99983232
106512077
111967430
98873474
98664833
110497992
108714100
112295963
102473256
191906741
138522276
107455009
110024392
99489579
145335707
111691803
105147172
167158399
116460651
103911974
120963685
100884778
101822163
122752696
102274003
138735609
98105474
109807219
102544082
104095014
115126466
99332139
109705673
109552073
111071004
96276784
100526378
100428245
106050424
104321146
103242534
94879026
95812997
106343544
106368290
106705357
136973478
113268762
129654021
128086023
110000499
97447128
106118691
107131169
114865346
115177239
109151860
109585353
105395492
106202744
107205409
106672930
99190913
108362101
107768182
102605949
95958064
111643164
104633040
115849665
118763794
112311750
104024187
107190903
108543862
113467162
110439538
122990349
112794309
112472603
95191345
98393474
104245200
105109199
103635067
106285518
107710155
101171070
107591542
107289463
103436668
109389939
104429093
108191435
151252713
174224844
111576178
114846147
102318803
103069735
146058906
108520821
593852680
104543013
101698003
103198588
123378188
105158692
98013741
102777042
105193252
101112617
109358793
109216287
107784396
114623854
103384188
111109404
97321262
197514413
102557736
99197740
107885515
181052782
100404352
103114535
108971380
109290527
101345577
106910584
110348232
122911416
102966909
104030160
104272506
112429083
122141711
104067707
102565415
110109299
104892879
100491391
106387917
114004760
116561344
121691577
119618834
106382797
134366975
111580017
100616832
94698545
104108240
102835922
102896935
102837201
146318319
158088758
103526267
105473571
105254265
110472819
108146208
98933207
98333314
134026069
112654363
104438906
95296731
111915377
128343302
118682302
132755457
131198125
164290350
161149661
104050640
102007763
104558373
101549950
101008938
103362427
118650728
122722830
109591754
103358161
99571073
125387360
145523014
105096399
102513362
101995390
103367548
105960824
100205952
104617679
103740454
111680711
126419465
100077952
119886353
238759375
106762104
120551099
109530313
94853852
99774592
98965206
126081972
116790890
114906306
96023771
125779466
98474114
103931600
101110057
98372994
138217210
116731158
101046910
100537045
108653514
120915472
101291817
99471660
150815381
110547058
109994952
106699810
99824939
155352121
102519762
98229207
106887543
105130532
107267277
112296816
104819066
109687327
100570325
110509511
105908344
100796457
154940388
101031977
96946649
112627056
103989627
122069604
110521032
126845278
99605206
103918801
104343333
116522517
107800182
101486377
168139305
126825225
102222802
105829838
97172783
96255023
108515701
102174589
106617036
99297153
148851436
99466540
101475710
103926480
107010423
111136284
106582050
177340787
96081797
106985249
115893185
127564210
113766681
123679415
158716384
115030893
126003892
134889214
143185310
112792602
100083072
128913329
105811065
108619381
100793044
109139061
109719326
121518351
123302242
168161065
123510882
99732779
106378531
112604015
111315058
99717846
171575247
118120809
107265996
102606802
100497364
100292139
106875170
169128743
105477411
100130859
103615440
101877203
103000615
119188754
102793682
105578958
111891910
115191746
228287282
101205204
112360816
137144997
105095118
108414154
98913153
102835069
151791593
129030235
105225252
108268662
110790258
130158341
134475775
112021190
110904178
178145905
112289990
116979477
173712845
132552791
-----------CASO 5-----------
126575625
143524083
115401666
97145902
127321010
129919834
117095530
124233655
102529149
97287982
102997628
109252126
116135958
104415013
142154911
141407393
101936509
111634631
103925200
105808078
102567976
94665265
140161953
151315860
116601451
107942262
110835058
125894666
141171019
104226426
123612428
107662795
103027495
97917314
106686584
161885233
217549802
236859857
137513637
136065106
106616610
116987584
135767720
113343002
100449152
110116126
116301931
97100249
95004891
99637632
162443739
164378669
118659688
114783853
101063550
113165935
163312431
104693626
145385200
156669667
144289096
129659995
120317713
135006121
106605517
110055539
108108661
112043803
102707068
103454161
121857124
122411790
98797100
102280402
113787587
112562629
104220454
110306845
104788772
106883703
106913570
124974773
107404662
96228143
115876972
115981505
105119865
115914092
114898200
101212883
98868353
107784396
106643490
408114251
102482642
182895125
184733203
102143016
118731368
106183117
104461946
104098000
107639329
138492836
112425242
104132134
100100992
118395582
129067355
115655959
119713980
128987569
102785149
101604990
107123490
133614335
102027389
115099160
111536924
116743531
123915788
105314852
110225779
105261092
111807003
109786312
96516143
96452996
108393248
110730525
105186425
106704077
100770005
106299597
115321026
112669722
95756678
104402640
112079644
110967325
104548559
113936494
106422477
110630258
108565621
112437616
114094361
131770711
103175548
102076882
103815121
110007326
98917420
100419711
107399543
153888657
102592295
107871008
103487015
102121683
114030787
101866536
105142906
147252718
103735761
96295131
126310665
157036599
110590578
108675701
107240395
103188774
106036345
106679330
102829522
110943858
108778954
123010829
97949315
122252643
107379062
104358267
146680559
102687442
96002010
110305565
155021882
146759065
94151560
102224936
101375871
104430800
112360816
99517313
116385131
111548444
105532452
99731498
107076130
163944750
119087208
107087223
112119750
115266412
116477291
103554854
111001458
107617142
161359154
119450727
105721039
99522859
102975868
165060909
123457121
115414892
148013037
110449352
107336396
122736910
150863593
116211051
104486693
108150901
133224362
149646315
128406875
114459587
125764532
110875591
110996765
111355591
95129905
108281035
107963595
110906312
104764879
110072606
151070953
105544825
102765521
113072495
103936294
100475605
163764270
137291771
129504261
110068339
100162859
118976275
108438048
113714628
99863338
103665361
109028128
108585674
100901844
105388238
105153998
106345251
106329464
107047543
104337787
99585153
104723919
103658107
95955077
104208080
107510475
102208296
105358798
131943084
99315927
105082319
125239306
102982695
100460672
121238032
96345050
158424117
101589630
96399664
101392083
114152814
161702193
109640819
116534464
167763412
125610506
100182058
103452455
111158044
100970538
95215665
103221627
103596667
109064820
120372753
117993662
98625154
120648379
98910594
101514964
102993788
124777654
107891915
101057577
103117948
103304401
103689680
117747050
131839404
105799118
105395492
100991018
107074423
111754523
109067807
106874743
107996449
121193659
115772012
110416072
113791427
140045047
97767555
102180562
105389092
102460029
99581740
107659809
103996880
114955800
97034969
100932564
96259291
96414597
113322948
102635388
96490543
100066005
100851498
98587607
107311222
99058646
96013957
136752891
102789842
103638054
171810340
140758860
100407338
95605211
94404572
170558928
111357297
105318265
104232827
116824171
100692351
96505903
101415124
102859388
105513252
104138106
98295341
113025135
105822158
102541522
105189413
101683070
124133814
115433239
100098858
98901206
97767982
207057655
120027579
116796864
131787352
137424890
107906422
103248935
123594508
126631945
95400837
105482959
101651923
102027389
102347389
103585574
103300135
138674596
118170302
110044446
96030170
116801557
118002196
117072064
155148175
-----------CASO 6-----------
121109605
120906939
115865025
116877504
105312719
113833241
102587602
95195612
94096519
119925180
101123284
105696718
97583662
109989406
102749308
109465459
123422989
108554954
109315700
112080923
96399237
105412132
151308180
102409682
132765270
115912811
99962326
99603499
106370851
126458291
103231441
99235286
99031340
104361680
98918273
103637628
96619823
105648505
103354748
109747487
175620469
108430368
110933618
94418653
107042423
115202412
101713790
99969152
120141927
123477602
107569782
107557409
93779080
108665034
109869086
104403493
102312403
143905095
101822163
98518914
99268566
102611069
99285206
106929783
100367232
132798550
116109505
95592411
114762946
110393032
113466308
94536839
117754303
115585985
148759703
113488068
101756456
99513472
100927018
110420766
103056081
110578205
95232305
105438159
132076205
95949957
108676554
100981630
106196771
102146002
111855644
113945454
112795589
103238268
94157532
108507595
171544100
104245626
98639660
98066648
103769894
152352658
104735013
98784727
127027464
110387059
113018736
112081350
109475273
128571569
102384082
110388765
110253513
98931073
172990498
102408829
112955589
99763499
101955710
97319555
106265037
107256182
177330547
109409140
96714543
104398799
97589208
115702039
180183236
109426207
98435714
102715175
142186058
124103947
101440297
105069092
106903330
151283006
113694148
101662163
123827468
115989611
108002422
93593906
116678250
123965708
107742155
150767594
119652966
104519120
105376718
110365298
105920291
104806692
110158365
178099398
104254587
104538320
125808052
111538631
104755066
103112828
101501310
175611082
164126509
168012158
174920737
105036666
107528396
135537320
135951186
112199110
115668759
133889109
133837482
112437616
118490729
118387049
125508533
106519757
119837287
124313441
124958133
139174649
145258055
104631333
102423763
107329569
117880596
124806667
102817149
100626645
134858068
110448499
104310053
99806592
147861144
106972450
108105248
107615009
110427593
96786649
102086270
103076988
98052568
97072516
101611390
98128087
140319394
99606486
99717846
97439875
101540990
117291797
108155168
94926385
104462800
114672920
130763779
115296279
100676564
122191203
107154636
106251384
105894691
120045073
120025873
105052026
98796247
95582171
94077746
166177068
166930986
107415329
116540864
170957861
167902078
118669075
123499362
97444995
112605722
106851277
95777584
102954109
94826546
152082579
98462167
100839551
100008406
108426954
130049114
103439654
107894048
108099701
105490638
99718699
142239818
134121215
104465359
106079864
99734485
106547064
101329363
98317528
98585047
157307532
116512277
102553042
102633255
117683476
96597636
101029844
101365203
97494488
98031235
100927444
103683281
146886638
103558267
103691388
95830490
108529781
98691713
120827579
112870255
109980873
113897668
104781520
102725415
106849143
123720375
133552043
109477407
100126592
103510054
129944580
129564421
125429599
101030698
109070794
117848596
169466236
170744955
111442631
110335006
110599112
110684018
104413733
122847843
112923162
113256388
97616088
108025888
105130959
101747070
95113265
135065427
151700286
118055102
106523596
127792476
99665366
111041137
106853410
163820590
101229097
102671656
104512293
102450216
103844134
103658961
104002427
121996644
141636513
221265637
110732658
168710611
118790675
123216055
101320831
153691964
128187569
103749841
132478550
143110644
105189412
105534585
97019183
102498856
102271443
123175522
141704352
105589625
106122957
149831489
153670204
107075703
108481141
101102804
105628451
99063767
111429404
103372668
101726163
110014153
97730008
98796673
103036881
190889569
191625995
102716029
96921903
104548560
109807646
103778427
103441361
121202191
123077389
103908134
109930526
94973318
93866120
103948241
102589735
117334890
109993246
95530545
102899922
133357910
113062256
96119770
98745474
103434107
191350795
101840083
111361137
102930642
110053833
105877198
106494157
-----------CASO 7-----------
111030045
133148416
158425824
172022820
107094903
108097995
118180542
121575525
112540443
110128926
99125206
106734370
111976816
105533732
107236130
102410536
140714487
121031099
113031108
103289041
113352389
157232439
96243931
128002396
116948757
129703087
145502534
111337671
110648179
151097833
143967389
101635284
105292665
125235040
121379258
151937512
106528290
203141714
96666330
107574902
105609678
181465795
125167199
117645929
207726241
105163812
93895560
98045741
101016191
172025807
105572985
101428777
102811602
98991233
106440824
114994199
107589409
115030039
105609252
106389624
113739801
102888828
97724888
123583415
103087228
111108978
100770431
100189739
250648852
111559537
100493951
99507500
145816987
103807014
102058963
102395602
112183323
104436346
105852878
94340146
94034653
94946865
104549839
146431812
103210535
115874411
134356735
104859600
105945464
103458854
123379042
113412121
150043114
101971923
107617569
131953324
103042854
101325097
105831971
108243488
95397851
104634320
151565459
122068750
165539202
108491808
108243488
127323144
104380454
109476980
102436989
158855477
105499171
102566695
103396134
150120341
104271653
102067069
110269298
100659071
110829512
113411268
117868222
112044657
112558363
128057436
173124472
112784069
97471875
143301364
104322426
107305249
103491281
104996986
101356671
154150203
110489458
102440403
142270111
111992177
180063343
107730636
108304928
104559226
101757737
177157747
118619582
104044667
106949837
101481683
130643459
106603811
104288720
100586965
104677839
115044119
102542803
106422477
207148534
115556972
98490754
112173509
119637607
133605802
105065679
119974247
105003812
123103416
102249256
104025894
174759030
139429369
105040079
147987010
96895023
110712605
105781198
104687226
119745127
201881768
100089898
96582277
101090004
101278163
125338719
97734275
102487335
97534169
101665150
102981842
116025451
113738948
111289458
96755929
103263868
118812434
99283500
100168405
108173942
105854584
101929682
190750903
106533837
112324550
102654588
110372552
103381201
154628069
96266544
128704689
98934060
102744189
105954424
102432295
105761998
112883482
150494527
102090963
104644986
113983854
112263109
159984009
156789559
106250957
109290100
117787583
118775315
100536618
98218968
104653519
112049777
99256193
113876761
105252132
113159962
160308701
143529629
115659372
106296184
175936628
129308421
106151117
104004560
108109515
140969633
112525936
121750458
115002306
113283695
121800804
151831272
115646145
116097131
114269720
100321151
104444880
106845730
100730325
117438143
106237304
111784817
108673568
122648163
111931590
106777890
113866521
106877730
104380453
98609367
103384614
111149511
102986961
110465139
103285201
105329785
114311960
100303232
125217119
104157306
101909203
100683817
218121961
187791973
104274640
102759548
114578200
111553564
105835811
111005725
113476548
112083483
167848319
131063299
103178961
107327436
109863966
105698424
123771148
110184393
100437205
99046273
104554106
107835595
107562529
105583225
108163275
116388971
110079859
100804991
95395718
94623452
108650955
109854580
100878804
96649263
102759975
104578000
97749208
111018098
204794618
134563242
107636769
113249562
102548775
105623331
109722313
122544909
110395592
110078579
104185893
113855854
120825019
108502048
104655652
94453212
151815486
151524500
202772647
203051687
98341421
101823869
103424721
104776826
103713147
107150796
110340552
103976827
101876350
101844776
185834002
185533203
313111492
318145299
127502770
136139773
104418853
101861416
129649754
123529655
134692521
126612318
94556039
118928061
95836464
145277681
208502347
157389878
110784285
117398036
116376598
112244337
171789434
136694012
102201470
108625354
108476874
121579364
93669854
102313682
108201675
146553839
120176913
101598590
104176506
116564757
117618196
102623441
114169454
109482526
195384497
154636176
103619281
96479876
115500652
107104289
124810080
106899490
105087013
104868986
96146651
-----------CASO 8-----------
105005092
117954409
111136284
106600823
169138130
238921934
107808289
107757516
101720190
145857520
113768814
103366694
101433470
107981942
103622694
112627482
115585559
160518194
136158546
134509054
150690793
165280642
126639198
137567397
111725937
125554185
169875836
169883516
105595171
132734977
117256810
115629079
156645773
117687316
284532543
118669928
106882424
115655532
106917409
115521985
122639630
123623522
133970602
125562293
155423801
109999646
203131473
99593685
102710482
106539384
104612133
104653093
104667173
185129150
219475346
120616805
121651897
111540764
124496907
105879331
110336712
105225252
117158250
164963202
99592406
104188880
111783537
131916631
99276673
119441341
105798265
215676737
95984091
100926591
97742382
115353879
238776868
108770848
117069077
123347469
101484670
105519651
263759449
220830438
102997628
96490970
227267976
222384782
127093597
100539604
186068668
187320507
111773724
118512915
109757726
98077741
100430378
172309112
205785337
107497249
107001890
116219585
135916626
101925416
149277675
115184919
103786960
117994089
108574154
109170633
101276457
130951939
162731739
429772250
265876566
167984852
152108606
108932980
101338324
146863172
166925440
102745042
100435498
105711225
108221728
123910242
126879838
150197994
142459551
96170117
100400511
110125085
102621735
108173515
105696291
103885094
105045199
194752177
199702785
116308331
124910774
101381843
104087760
116467478
120039099
108160715
118474089
109945459
111655110
97732142
103947387
157761931
120615099
95912837
106159224
102497149
105805518
126279092
115692652
159366623
180295876
107599223
131392259
105433892
114689560
112787483
109011914
140492194
97995821
97566595
110003486
188331279
96570330
128158556
234530686
414626029
238570362
114352494
127049651
101677524
163706671
112052764
100102272
98849154
112656069
103761361
99373099
102331175
100034859
99813419
150261140
111377777
100541738
114678467
106635810
104164133
108690207
115611586
105510265
591816629
111902576
100479445
110940445
111364125
130955779
111827911
108765301
106377251
101138217
116037825
108859167
118515475
138326862
106611917
140682487
106742903
107525409
109889566
111612017
118463422
112376176
175012042
103567654
124132108
111671324
145052827
123627361
127009971
104781093
104865572
97146329
121796111
107626528
170340475
104315600
102709629
133477376
105316132
143291977
105836664
112726896
137622864
98687021
99845419
107859488
108400928
144785735
106185251
116789184
108049355
107234423
106682743
116522090
123522828
243277342
109475273
119165714
101462483
143213470
117096383
214526019
226420191
187154961
188978958
525328821
567942954
217632148
233211434
328413020
418165224
172358180
112346736
111825351
128042503
125326773
147682798
188952931
327535368
200490837
129528154
123862882
108770421
150998847
111650417
103650000
108061729
155162254
199802197
339650125
220658491
105407438
167222826
110268019
112875802
99884246
154489402
139634168
128213170
141308832
138503503
100770004
114241987
114413081
166262827
130713860
112791749
99549312
104239226
102137896
123159309
111688390
123000163
99087660
101569150
138096036
111036871
110035059
108475595
408054518
408064757
117537983
114998466
105884451
99460139
111142258
104417146
104880079
111178525
123010829
115159319
103336401
113919428
129424047
353347814
104921466
116123158
133726976
100257151
182258113
108656927
102796668
105259812
101401897
102748882
103995174
147951171
377479624
110771912
105490638
302788306
100632192
107259169
98677634
114436120
97363502
171659727
120067686
117388224
99439659
100367658
155367482
253064209
111278790
184874003
110678472
113455215
107705462
108907807
156354786
145660400
113245295
99824939
116697451
112343750
106803064
129981701
111755378
97029423
109290953
107366263
116268652
433919018
256466871
101108778
291459467
112167537
108933407
269051816
212569755
188056079
170908794
130834180
128530609
406793293
418100371
101576830
109958260
113745348
102779175
95018545
-----------CASO 9-----------
116542998
122282083
142511604
141559286
117687743
117678783
122565390
133592149
111744711
133187243
156922253
152464872
127565917
123498082
115695639
110295325
139526222
200991743
105504718
122724536
304140838
417359679
113496175
114321774
127855623
142307658
116729024
116574571
109275593
96603183
112675696
123246775
164086830
134075561
119690514
132359084
106670797
101052457
115615852
113295642
178054172
151511700
472250702
375696159
104840826
101700137
278640710
140834380
110723272
114651587
161570353
174433910
169115516
169189330
105587919
123573175
110653725
135329534
104837840
100427818
113727002
103536080
109906206
101906642
122172857
106893089
95834331
95994330
104006693
113454362
337927674
102932775
106307704
100090325
108277621
98727127
103380774
103196455
187966906
119359847
101385683
108657781
129611781
142613577
96716249
96347610
96911236
107762209
105500025
151548819
107809142
106276984
251420691
246731631
188825785
358007862
101788030
131494232
144462749
103054375
102434855
138890062
116326252
108536608
100303232
94623025
106410531
105549945
111478044
94859398
107694795
104320720
105555065
105715491
97305475
97963395
98484354
98944300
103796774
124785334
110350792
109494473
105511545
254102715
188603065
106508237
119751954
108147488
111286471
103420027
108731168
99863339
97589209
177438920
110005192
113988975
104441893
107066317
95196464
100103979
137300731
126603785
116929130
104833999
100011819
108413728
109727860
103386321
114103320
116785770
114474947
107729355
107609463
114107587
97885315
126982664
102691282
98581207
171476260
152013886
114599107
110237299
105904078
102088829
100480725
117031957
109413833
110279965
108358688
99474646
104098853
101496190
104866853
103858214
123998135
142731764
137287931
111115805
109412126
110142153
124759733
98936620
108037409
97845208
176430281
149058795
99176407
100702591
159514249
99408512
105245732
96374917
112233670
104547706
127036424
167819732
95283931
104192293
117001237
121676644
97668995
100630912
159868809
160625715
97948461
100348885
103716561
99123500
101073364
103365841
120897552
131737431
103048402
135762173
129980421
113821295
112504603
110343112
123984481
108000715
119015101
107909835
123161015
115754518
104227707
98837207
97827715
109769246
105908345
104597199
99408086
100783658
100855765
104970533
99321046
106902050
111503644
126539358
101225257
103702053
103734480
107061623
113118575
112659483
114549186
108827167
108676981
121222245
142453151
105978744
104701306
100466219
107829622
103434961
106227490
108224288
134715134
111507057
100236672
98763820
137132198
135956733
193668872
185881789
162598192
158840970
105144185
99434540
172839459
170881061
109607113
110566685
97211609
104237520
141711605
173066445
427087667
427669639
105225252
110742044
109447540
118846142
118462569
117064384
107120930
109025994
106264611
106489890
106008611
110710899
106035918
103100454
105239758
101156990
97041796
106301304
99949952
101026430
115314626
104625359
227407496
218145854
101841363
105061838
95680731
95008731
212967407
209938504
116909931
107355169
107533089
106990797
102921682
112433350
101653629
111736604
104041680
97675395
109520500
103272401
109874206
108358688
102019710
108137675
102745895
101879336
102851282
105623758
110425459
107111543
101092137
123958882
94898226
101850750
169439356
147801411
140307873
150654527
102844028
101716350
302736679
307105313
615797825
636806865
158230411
152172178
127490397
140521207
107739596
121614777
271889573
329875631
170840528
185665896
188127332
188135012
101170643
107635062
117730410
132548523
292658398
290870668
142736884
144973468
102789842
101622057
119138834
106997196
171781753
366612438
94436146
101389097
106289784
102808188
100577152
109078900
120068540
104621519
109416819
239005134
233165781
96620677
111351751
111241244
98876461
102103336
106419917
179225371
155085882
108947487
112344603
105860131
145499547
111711003
218456040
109477407
111125191
126707038
99421740
109613940
-----------CASO 10-----------
124345014
115807425
114167320
120096699
116389398
116728597
109719326
114628120
148742636
151028287
156492600
156882145
131629059
133838335
120595899
127227571
153760230
113642094
104464933
112890309
104682960
105720611
100656511
109113460
155306894
148540396
100066859
112563909
182971072
118762942
116093718
118784275
98846167
121021285
101341737
114878999
103760507
135265960
110754418
97910061
164060803
107122209
113216282
101330217
171453220
151799273
116548544
219413479
257991350
105968505
105017466
151938365
116801131
158694197
136458066
181852354
126477065
119638461
146793199
110215966
110587165
100187179
124663734
107021517
109078474
120723472
134907134
133595989
116051905
104313466
102669095
124590347
119741713
104168827
103803174
107491703
98375980
97788034
201400489
103789521
109675380
103664080
94457479
106955383
97300782
109544820
104359546
101547391
101059711
106198478
115139265
55809635
99808299
56801634
508978975
105275172
172472099
1502147197
562410373
104196560
98933633
108368928
113316975
98008621
105460345
106139171
105854158
92857908
104670586
96395396
98738220
96187610
101252564
145628400
153471377
105959544
105614372
96219610
104267813
177015667
188157626
111935004
115940545
106556877
105146318
122212964
122822243
103972987
114198894
101630163
103365841
102475389
125321226
118184383
124639840
111983217
126357598
154910095
147050052
97221849
106969463
98545794
103087655
103010428
106486904
118414782
121855417
114910999
119660647
156297187
196400815
100024619
100339498
109981726
104658213
134102441
164464856
107925622
110847005
110803485
117543957
94370012
103382054
111202418
108245195
143658056
133732522
116688064
155630735
108813514
114520600
136800678
110530845
101221844
100334805
106207865
96593370
106506530
139510862
104017360
133820415
123585975
102973735
98583767
129749594
118683582
110981832
155772814
144055282
103350907
98712620
110134472
104642426
101832830
98974594
106411811
126322612
125566133
123986188
108940234
104209787
115605612
158905397
120060859
103895761
109527753
116835264
141440246
103247654
171201060
123025763
123436642
103562534
152926951
115194305
104639439
96459397
135035134
153718843
96140677
102629415
104900559
112254576
134139135
114176708
103395281
106428023
109857993
119306514
100211498
105767118
124529334
120031420
160207155
109645086
104391119
96846383
134715561
139865421
111482738
120356966
155948601
162273072
110470686
118174569
112535749
112233243
99008300
101572137
101231657
105668558
98623447
109299914
104435066
173893751
106696823
164164483
150894740
118988221
111387591
225982004
141285366
198100226
155071802
252874343
318080873
117849449
115141399
108121035
102422483
107196450
135377747
183275285
108395808
129797381
99749846
114220654
122223630
160813874
222996195
111743003
110131485
100181631
131886765
222105315
146137840
151592766
110445939
109900233
101094697
101929682
141272566
168388478
104467920
134290602
115893185
107861195
101710377
136938491
101069097
108844660
103465254
133627136
116048918
179594437
118101609
124546401
112277189
100598058
106076024
139535608
178535025
123986615
99930326
171093541
103390588
124397494
114470254
123516002
119764753
99199873
106202744
209482398
108525514
113215429
112308763
143739549
103858214
101068244
146296986
160029235
102860242
98190808
105513252
101667710
111236124
115764332
96328410
99868032
101043071
110358472
103134161
107580022
154519696
141524299
105260665
107194743
97454808
113206469
145082695
178855451
100941950
108867274
103567227
101627603
95149958
122674189
104441466
101432190
105358372
151366207
113236761
104925733
108991434
99246380
101896403
107211383
152051432
148311277
103352188
174318710
124696587
131500205
100625364
168301011
115947372
132589484
107363276
103506641
107497676
114856387
102599122
111098311
148844610
106295757
107412343
113673241
108050635
154788922
145945839
122016697
125508106
131684951
117299476
100106112
106988663
134471935
98556461
151384126
105501732
