-----------CASO 1-----------
64720557
69009832
88711567
75836490
76021662
72205134
50904255
56429581
63616772
51943187
54107664
61724935
53718971
58684511
55403876
54661050
57813260
105032826
102050429
96217050
52878439
61088775
59740510
57294007
57817099
59340298
56038755
53954491
116039532
129033648
116669291
73780812
50079083
59536138
62241200
54978490
57905846
56365154
58289419
60164617
59766963
64917677
59323657
65911809
118088809
134602068
102974588
54164837
133099776
133263189
52675346
79720431
63253679
52389053
55360356
50993855
117230357
123833441
78541552
56767928
60838322
59500297
62664027
64843011
124872800
116577558
74859424
55862115
127092743
83301440
65243650
62777519
62448133
62533467
58302219
55871502
115394839
115226306
65077677
66524075
52988519
68009726
63539972
51749481
68952658
68379645
64541358
66000982
55505422
64485464
64627117
125913866
68389886
66339756
185072830
184695657
215079405
205811790
201009236
316340928
83692266
104260987
59467443
56321208
55449955
59097951
63443972
105116879
76055369
62361520
55423929
69195005
66566314
89642978
87539515
87729808
55538702
154510309
192519007
204882511
120869818
205030991
54696890
54687930
54738277
149738048
167257386
102135336
105130959
106053411
60623282
60637789
60732082
56534541
85052051
75244277
75112864
65535063
108302795
83649600
89152739
58042806
57998006
55007077
58076512
59608670
71328762
68217940
57223180
57976672
62803119
61889627
70067964
68233726
67998633
75638516
102035069
54592783
60975282
69200125
56814007
59502431
71871481
77678833
147923864
82050455
59207604
59234911
56405261
51107347
75869769
77201394
49619990
104579706
96769156
77122888
60481629
63746051
70202790
86631569
212594928
162593499
155683640
188579599
137638650
144512242
56966754
60516616
54444304
53465532
76084809
76633929
70751910
60698802
52437267
56930914
108758474
122618297
101517950
53853371
-----------CASO 2-----------
52657852
57629793
76634355
92659934
83919679
74605131
69776124
159581236
68637779
57768886
54630757
93398920
87364581
94722865
63934638
118235582
107235703
72418040
99589846
96682116
96786223
98455768
104995278
49935723
53533798
62657627
100346752
73615266
73817506
74035532
74067959
63496026
66851754
113456922
153138150
251031998
251192852
216088470
214450499
262973530
310819016
55999075
59428191
49974122
54973370
113507268
107391009
60776882
64953943
87562982
101174058
77458247
78343153
78539419
78392220
56592141
55522062
50802709
57980939
54608143
61833308
66259969
66291969
66293675
72013134
57189901
59351817
58469898
66099542
71197775
68223913
69006418
68725246
116556224
117536703
47084313
59991817
61260295
61260722
60643763
61790214
115652545
113987268
56092514
54589797
56394168
56540515
60466696
60415069
55736675
67579647
64350637
120941925
55974755
62675973
67356501
66475009
56708195
60728243
55641528
58773685
74204918
81229550
62178480
93258547
93394654
70716070
57778699
94407559
94893105
102965628
72976120
68613886
71643642
74738677
74815051
121260218
124554934
124542134
64061358
59304884
63187119
54510864
55033103
63115012
77899421
66600448
70629457
73244493
58766005
89322979
71015162
55525476
65954476
62697733
55760568
58063712
55710222
60222643
52589160
53195452
59539551
63741359
58249312
63770372
63109892
63300612
50374762
53676305
359169247
52101907
60193203
55792995
85922023
63987971
67537834
53930171
57217206
57533366
55257956
55309583
53614865
61518855
68922792
52092093
71767375
63865092
55452516
151275753
130256047
51394068
55943609
55469582
56696248
55816889
56363021
58691338
52535826
106266744
108671861
82331628
53498385
52156094
55763555
66192982
63841198
56665101
51325801
55146169
57977952
50788628
54005691
52590012
57104140
51478547
50169536
61305522
66335488
51271188
50755349
-----------CASO 3-----------
61940827
62129413
58336779
69079805
65257303
55599288
60530270
61493682
62740826
54798009
59337311
57456140
57531233
58172512
57645580
72865187
84821225
62053040
61730481
107915382
107332982
83876586
152497298
69744550
69994578
70127697
58022752
56810593
56214114
27547698
28095537
30834734
30117508
28089990
63061252
61673307
62160134
68714152
68717139
68688552
70918736
71225935
59552350
58922591
54642703
53084519
53918224
145413787
145351921
134915240
160820701
298054445
307947553
76251209
67837780
69779538
71270309
72462841
70729723
59781044
60624562
57713846
61107548
57745846
63208452
63662852
98600834
132320257
132485377
110647325
114806893
117729556
208719519
211391302
211524422
57891766
57901579
58580405
60554589
64711597
71113296
69806844
57602913
94914865
114911426
108106528
108317301
108118048
108218741
108313461
74082892
103049255
103210961
54563343
56299022
58765578
59227231
74945611
75347103
53361425
66125142
73306786
61355868
64298585
56272995
58165686
60834055
55490489
143559069
108342902
56983820
57357153
59972190
61401095
61465948
55909049
57569633
52424466
55125690
53172839
58824885
59289524
61774854
49027777
52863079
151206633
222505102
255707832
258722655
312862319
319848124
108481141
55269049
101619070
71795961
74333771
71885135
54891023
60721842
63609518
63778051
56576354
52628839
55060836
58320139
62124294
55844622
55369743
92984201
73138253
78253980
59882163
65680982
60961628
70376870
62059440
58153739
60002057
147488237
55419663
61481734
61244081
61596508
65261143
54311184
69122471
67228927
58362805
52971025
52854973
61011122
66727594
50866282
68717992
65528236
52445800
61689521
51945746
64057518
67453354
53608465
66246742
61550855
60794802
78607259
63407705
134252628
145975707
62486533
107495116
103552294
72869880
78473713
78747633
87635942
87651302
49757803
52274707
55426916
45736048
-----------CASO 4-----------
70199803
202568274
191520181
105326371
97368622
97386969
81200110
81201390
67101780
67744766
57890486
63815171
65044397
65626370
173930444
164158084
58875658
76836169
66809087
78619632
69339645
77097288
77648114
64351491
70538576
77601180
60919815
63337732
161623686
138419023
130797059
128752475
73590519
65700182
65825622
68152659
67911167
60490589
62694746
59580084
71771215
68887379
60738055
57202273
64056238
88049381
86556903
80912963
133397590
97918595
63486212
59357364
77143794
63796398
73877666
67951273
71858255
61140402
63137199
65209943
68324606
134279509
139806541
142085365
59086004
61489841
61637041
55262649
62948186
158588383
161947953
155978894
108412874
108778954
109784606
96688090
96804142
58399072
58482698
60705202
56437688
60089950
69699324
69731751
143971656
196862041
175114869
177003720
59740511
62379441
62645680
65020503
78505713
103440508
66171222
58218166
56396728
60607069
64719277
68901885
104164133
87151675
79250245
111218204
66451542
56763660
70423376
70871803
60444510
64519597
59988403
74602571
56382648
59085151
64780290
59720457
68718846
65830743
63270319
61228722
53400252
52765372
56269582
58111499
61384882
70520656
66576555
57504353
140772086
144848028
51098814
93817907
94471132
104440613
104501626
76790941
67471273
65251330
90544098
56918541
64246531
57956619
63968771
64017411
56800354
61008135
60826802
58640138
56746168
57544460
54660623
55657742
60746589
61050375
51688467
52715879
81211203
85114344
63924825
115254466
85690344
138978382
68387752
68865619
78083313
77802141
67651753
61228295
112993135
108804980
76715422
77408754
95722544
113570415
114335001
77244061
116661184
121586617
123188323
123764748
173622391
172301006
170810661
171069221
111379484
127300531
136452945
145028934
156813026
161701766
140650913
141017846
76342942
69799164
69783804
89542712
90396471
94903346
69587964
80934297
-----------CASO 5-----------
56279395
58111499
51159401
50495509
63519918
57961313
74385824
72260174
55704675
59264777
61250055
50505749
50476309
72633933
135586813
111670043
73620386
73721505
62107654
70832976
61180935
68455166
52473959
65787649
88062180
88325860
103107281
82989547
100944938
100707711
56815288
79536965
66940074
80002458
65669889
62976772
77380594
91846709
61296135
124555787
125439839
131291565
133409536
74756597
68397139
64682584
174421963
80449177
80519577
79533125
80408644
57220194
305050490
81320429
87324902
56402701
60317789
60697522
60833628
142570484
70827003
60296456
65005997
60240136
58101259
63079172
58268085
51078761
113046896
99228459
134222335
72753400
98206167
78276167
78337607
128518662
68805885
70109777
58780512
61473201
64586157
55387662
55460622
61451442
62420400
63050160
136924838
69636178
69852924
53580305
60540083
79788698
173501645
173329272
99875712
63652612
63708506
63760559
54167824
59430324
63406853
68791379
97840088
53815398
68755112
61493682
58857738
68145833
170101116
173817377
70153723
142858057
106708770
144286109
135079934
80950510
126582451
126655411
126654985
83899199
66998527
67236607
96437636
99330006
55176889
70055590
72985507
57965579
62909359
62805253
63098800
161320327
161536220
161435100
59993523
77467207
77306354
78330353
66020609
56529420
78038941
76845981
58245898
63728985
55860835
65870422
83873599
59933363
185833575
185827602
183342699
61448455
49275244
52576360
71123535
85485543
74944757
65993728
90192951
56024675
50528362
51472575
57346486
55567715
124769546
123622242
125775199
101934376
71757988
51059135
66006102
54220304
52250386
53018385
56355341
68343379
54940090
119417020
124259254
124486240
62463493
68105300
68651432
69359271
52916413
121588324
66936661
113871641
119508754
86217703
121527738
53722812
53734758
98352941
106975436
93452254
86025276
80081817
95244678
51944041
-----------CASO 6-----------
76461129
79174299
83809600
79421339
63678212
63645785
109157834
114512920
55504143
67710207
69801724
70058150
60134749
239935692
248996374
56830647
63721305
152926950
156154681
116647957
159667422
114096921
117461610
117011477
86996795
61400669
57918219
60079710
62512560
106497570
101278590
63179866
67557461
52766652
52772199
62371333
65783809
67406847
63499865
55824142
66084182
68105299
67363328
64798637
55243023
50591082
64294318
59155977
63712345
66037676
62689627
88119354
67882580
58533045
50600041
54881636
55097103
56911714
57766752
71016442
59437578
70430203
64052398
74521931
58652512
57468513
66372608
70398203
56210275
57627660
62457094
53055079
57423713
56215394
52930066
61673308
62254854
71210149
53044412
62151174
156209720
57003874
53437798
55173476
62271493
65605463
50754068
47955138
58193419
55185849
50674709
55863822
59751177
58502326
52364306
56517474
57099447
60029789
58738698
64173572
64216238
64108718
50223296
50197269
47639405
52578492
53878971
91100044
95537798
91532257
91530977
65147223
149524289
55673102
90929377
82279148
72943693
72947107
53922065
54552677
50710548
55347129
148923969
145142428
145214961
137111291
102247123
58356832
51488361
48326338
50810388
90290231
90444257
90598284
91007030
71873188
122421603
170075089
68083539
68044287
57531660
53642598
71323642
71258789
162554245
180795502
56386488
60967602
72357028
60323763
68898472
74069238
180052676
186628454
62966107
63012186
86805223
86962662
90189111
86833383
101222697
98052141
71437135
91663243
179887557
179819717
197318574
197328814
81422402
131248472
86209170
84491412
56177421
63157679
61936987
65185197
55735822
55760996
55691022
136577959
79598404
55320249
53744998
59302324
54165690
53290599
53568785
54187451
55813475
49075137
49862336
61492828
61106269
53350758
137143718
137275131
169784529
147275758
178104945
104465786
-----------CASO 7-----------
144821574
145030641
144967067
59634697
59540830
61107549
66847061
66691754
52820412
53614438
55723022
52401000
59855710
55514382
53523558
53380625
67161514
68087806
74524918
74680651
74834677
52611346
52958225
63197359
50710975
108827168
105516664
105728292
105634851
99551446
74079905
134398121
54426810
56811447
55623182
60242696
59181578
59203764
58316299
61234695
90029111
93692466
88721380
88583140
88738873
96752090
145134748
58297952
57696353
57662646
57902006
57940832
57647712
57645153
59330484
57668193
51345427
53146812
58437046
153534523
146950639
147263811
53328998
106741197
103624400
57727926
50803562
60365149
60217523
60316936
110087540
74227958
65870422
62814640
58453259
55580942
59612511
61821787
61239815
80122777
90663137
90941750
72733773
56816568
72991907
72927907
62086321
137023398
137394597
138053797
108208075
53795344
62148187
62218587
62141361
49077270
56028515
58625631
53900731
52933906
71009189
62034268
63329626
61009842
60936882
61133575
80599791
64993197
55647502
58187019
76532808
57172834
69567057
69556391
64695810
55143182
54674704
57173687
122164324
57650699
58410165
58574005
57347340
64373251
64377944
64347224
139196835
55840782
57643873
72725667
70512550
53179665
90702391
85067838
64865197
119641447
119812114
90582071
305832569
54180198
59225951
132313004
132645377
101996670
102437842
68430419
49178817
60418483
60599816
61214642
61613575
63482372
61227015
51473854
207131895
61974107
61748401
53985637
66624341
67151274
64600664
55235769
71127375
52137747
71784441
63659865
67076608
63987545
63794692
78646086
105733838
77539740
59254537
53116946
62337200
63174319
81362242
81914348
77794887
50517269
51859134
88568207
67608661
67432874
67659007
67897514
67850580
130599940
57747980
51867667
48464151
57101154
63039065
71879588
72776014
53602491
47201219
53878118
106858956
53168999
-----------CASO 8-----------
72301134
72463694
63063813
72641187
72459428
125705653
130471513
64316931
65117357
65204396
65105836
64312238
53718545
82550081
81116483
56697954
49820523
51741800
52900199
53011132
55920568
49686123
56634808
60483762
105167652
106853410
137876304
110234312
89384845
97280729
60487603
50176362
66735274
67003647
67162367
67000661
60521309
57265420
58318006
52109159
116250304
113570842
118326462
113956121
107315489
107528396
107558689
101459924
64352771
59789150
63060826
57598220
53294865
64770051
65883223
65948076
227776988
59866377
61109255
70190416
70464763
65523970
63883865
63926105
56523447
49664790
53346918
59508830
59787443
54515130
58364939
59388511
115730626
51978600
58338912
58599178
52526866
54596197
54707556
54560356
49339671
56408248
69099005
69271378
63348399
60932189
57712140
57799606
90387938
59042911
59368884
59068085
59292511
55323662
59055285
59261791
57688246
68983378
70174203
56461154
61494535
59623177
80948376
81180483
61124615
91504096
91597963
91541216
91701216
91675189
56934328
51471721
47638125
52895505
60510216
62944773
66721621
66992554
125247839
129745327
102711762
55327503
53154919
53461265
58392672
49105004
51355241
53355452
49999723
54341904
54948623
55222542
95698650
99463126
97206063
111266844
62361520
64788824
61518855
61632775
63965358
52390760
52462012
61043549
80798190
116964970
120723472
119616701
63132933
63130799
73200973
89707405
67476820
75222090
61419868
69160872
133692416
192673034
79149125
79305285
79181125
53683132
63310425
55645795
149222209
54782650
56364301
56185955
177383026
159519796
63966638
54318011
90960524
57703180
58684085
75784436
79375685
79581339
64363438
54956730
79759258
108223008
110547485
125491892
69887484
69723218
70351697
137426598
115125186
53788518
49006444
53195026
61281201
63176026
63071066
94576093
48961644
109216713
53785958
51111188
-----------CASO 9-----------
77621660
77730887
156023694
176391881
179342704
63732825
55350116
90711351
72316921
76188489
60092510
76613449
76602782
190437303
191158795
56461155
56003768
140522913
118951528
125532000
77737288
106863650
116413291
108114634
89175780
119564647
131991725
110735218
73062307
99803606
103637628
141049420
103092774
71898788
88071141
88195301
99162326
70737830
70966522
85389971
66465195
68504659
72046415
68040446
126270558
54296251
62142641
71828815
63093253
66077356
77280328
71493028
71388068
59951710
61012829
56331874
57976246
140324087
130627246
130529113
130663939
60749576
60639069
76991475
56016995
54858169
61806854
67922260
69130578
92083082
92217482
112642416
71474682
60304989
63292932
60185523
63543386
49391297
56610488
162333659
215552151
64502104
55269476
61928880
53806438
57859339
52061800
54894437
66289835
69056339
69215912
69506471
65259863
59793416
57185634
57823073
84001172
53850811
127885917
134128895
52075026
58282165
58481419
58583818
49348630
55297209
74448118
74211318
93355827
93221853
93387400
87144848
52854546
101434324
60730376
62343601
50446016
54743823
54750650
61158749
70430630
66350848
73830306
64787117
54468197
59391070
73052493
80543897
80543470
61938694
59012618
58937951
61661787
103861627
63175599
59533150
49530816
57628512
63114159
58349578
58785631
62832132
63019439
54923023
51815187
52227347
54478864
52850279
53209959
55551928
57530807
56969741
74921290
76249929
54146491
55572835
55763129
72081401
72480334
58236939
49260737
48574231
115199426
52787986
57847392
54953743
79291632
119560807
147853464
121518778
108519542
62592346
66185302
53309372
58658485
52716732
59615070
59858697
61751814
89711672
101150591
58800138
64134318
56123235
63308719
65238530
96187610
112269509
115197293
76492702
76052382
81090883
65457410
61250482
76737181
49778710
57611447
52353640
52950118
51049321
-----------CASO 10-----------
47898392
52705212
51915454
51910760
52041320
51997373
57563660
54781796
60536243
123543735
60581896
66566742
69956603
73548706
82874347
62826159
62113627
57942965
60926216
58547979
61174108
60925788
53612305
109068233
85803837
109298207
58501045
54271504
65025197
56048568
59832670
56288355
68965885
67107754
50794602
64298584
64741037
58971232
49920789
100491392
271124133
199027799
199000065
57063180
55096676
56534114
56732087
62271494
59770803
63999064
69283325
62722906
53564518
54135824
54149905
56894220
52430013
53816678
53278652
101476564
59429470
52634386
59306164
58305205
59247284
59376137
61758214
67786154
49119083
127922183
127819357
107323169
57215927
57371233
65462956
49883242
63720879
57140834
65911809
68159486
56268301
56457741
58904244
54809957
54371344
114717293
116915477
110178419
98667394
98873473
98773634
55161530
62079067
61762055
59887283
61886641
57390434
49783403
67081727
58117046
61095601
51766973
50874389
60407816
62291547
56533261
51798547
49230870
52063507
108463221
53453159
54018918
53972838
54133264
54264250
52610492
54488677
153009298
58088459
53534652
55682062
55579662
55732836
65179649
73651106
51127401
55895822
78038513
65698476
65233409
64985943
63906905
80013551
54232677
54190864
56678754
49052097
58193418
58555659
46923887
65153197
137241425
120590779
138218916
129993647
129919407
130006874
52997906
53224465
110802204
118296596
90377698
57281633
58335925
58315872
57533366
62151174
66938795
67108181
53235985
50978922
58465205
59699977
50326549
50700735
60823815
57189901
124556214
178692464
115791212
193357406
58392672
58151606
58352992
53812838
54987023
55685475
57177527
56114275
59569844
63797252
55350543
60104456
74274892
71467856
76501236
58281739
54539450
58879925
59388937
59167924
49072577
54647397
55592035
126180105
165575895
171136634
48861377
56299448
52364733
