-----------CASO 1-----------
126254771
157711158
160409395
152234472
151556073
148021997
106691276
113171055
122713869
127205384
126842291
117880596
110063646
118885394
115384173
108177354
128171783
140848033
118342676
116584384
168973864
171743780
108999114
108611274
130409220
116150891
117519637
119812966
155264655
136435452
151478420
184342804
161694087
205639843
139018062
112382576
114530840
119706300
128007943
124974773
121511951
121672804
125568266
125442827
107876129
122859363
132842923
172182819
173019939
174949750
206933068
240703266
144633415
133675775
139594488
120128273
119882939
126127198
185419709
174372897
141241419
112373616
111734044
127019358
112205083
125308427
176089801
199924651
117741929
113008922
183515925
195852976
172771619
176446068
115173399
112621509
115628225
124694454
173326711
157703905
167865385
151069246
172420899
116101398
133576789
135108521
130003460
130075567
144188402
147239919
150403648
125165920
183593152
186386108
127360690
130075566
251996691
256009486
260731399
389215501
490756919
251691625
148381250
151373460
127461810
128162823
125905759
121416804
150559808
170692475
131617111
131608151
124051895
150461674
143490804
132848897
154406629
152408125
189275491
279274736
269456722
306398328
330601817
214560579
329688325
149164182
116545130
288736911
289607309
289558669
222974008
222901901
223187768
105872504
114355054
124615094
126867891
136395346
116500757
139390115
143351284
159331636
118478782
132781910
136667132
117923689
117732116
119124327
141384779
132758017
135650813
129846448
123318456
121107472
124596748
124889440
129627994
213437167
193986738
175923402
120979472
125841332
128127410
129264048
152708498
217572841
246377925
249466561
108145781
111692230
126698504
127233543
129892954
133310976
128720475
172770339
140961953
142541898
133633109
139266381
145544347
225333898
318280553
307059660
322235747
302029694
202317820
202480381
158324277
175661855
152187965
216658923
223467234
188541199
172770339
176258334
119288167
128812209
182726593
211379356
-----------CASO 2-----------
263877209
124251148
122805176
126261599
128047196
131614979
118602942
150566634
254645861
139723341
116326678
124708961
124478988
131017219
111952497
154086630
159051316
124335201
182858006
178450118
177637746
179276997
179216837
164909016
168557865
176106868
116467478
191789834
191801782
190398476
191822688
170556795
165926187
108191434
142550431
259040948
257081698
318896658
315925355
393580723
413842244
503336742
217840361
129726554
123285602
130726660
136954278
191498848
193684659
178807237
143702003
247291844
265298433
265162754
232363649
183480938
191285515
131890604
130710872
264619608
295137329
256939191
303514065
291193227
293311198
117968916
117889556
106951970
110493725
110960924
120266940
120607845
124175201
121284964
122588856
160778887
160942301
162808539
162764592
160778887
162668166
112664176
113663428
126481332
117557610
125700959
125731679
128122716
128064689
128624902
120708539
123473336
116671851
181227715
181700034
185254163
190613943
185335230
184207977
113390788
118895635
130918659
130963459
130945539
134980094
129539248
117724009
150554261
166448427
180978542
158529077
238770467
431903873
180516035
382896150
382859883
138571769
137666810
137652303
193599326
197771694
197768281
117235477
125965492
121522617
126741171
133150549
134152362
136805798
151452392
132013484
138039290
134587988
117218837
125737226
110989937
125832372
128632155
120819045
116641557
108423968
119117500
123834295
111867164
124442721
144862961
145008454
155571001
190255970
105990691
360631005
364847746
102183123
142805577
210585757
634342868
127379463
129248261
130224900
102116562
108746101
110769778
109196660
112986309
108174368
115967852
121526031
114408813
111464818
127844103
190017037
184498964
106739064
107490849
109956126
116547264
120305340
127759623
116063852
115556119
139597048
171983993
222022969
111617137
115026626
117068224
120189286
129089968
109944606
105942478
119097874
107122636
111601351
115419586
119829607
117703102
116624064
123925175
125825972
121829817
-----------CASO 3-----------
118309822
183219818
195957935
215020951
176201588
152525458
153469670
152446952
115388013
126546611
119286034
116655211
115038573
103184082
113120282
116233665
115992171
115357293
124010934
141014006
147642691
118013289
184004032
174560630
160336861
153610897
202359634
145671920
161122354
652763751
639588728
653620070
642080458
651128340
148563437
154489828
154497509
131486552
127141811
115318039
130657539
131258285
130043567
127505757
143495923
119155474
126766771
123321015
121407845
113900227
200280917
289583416
286901393
554893370
420940262
433644245
433622485
434589738
118579475
135913639
137115557
195512496
190962956
187063227
190249143
194046471
122050830
228650800
228401201
304009424
304110544
202837501
203102887
203033767
202235048
197077508
201810515
136588198
128306182
128175196
129625007
134946814
156436707
181161155
199538945
199482198
198581079
199509505
199412651
199445931
216268523
132048471
132032258
173272525
184695230
178429212
187292773
186290108
173759778
119594513
139335502
121156965
149496556
131392258
143298376
136625319
138999715
170408315
171397754
118131049
180292035
169361276
171957966
169366823
174284577
110186526
131860311
147794158
111957190
112012657
112746523
119716114
128382129
114858093
120482406
123400802
110694258
121930084
123990028
195703216
199216385
556969528
116971797
108846794
121971897
121975737
116599318
156314253
154949775
156839906
130128473
111855643
116798571
133778176
127154184
117596862
135338067
117560596
125848159
108463648
107590689
165746988
169200850
144383815
148310424
160949554
126784691
127848370
145775600
214766232
175634122
175694709
225390218
192324447
120118460
118125076
110745458
123517709
132161111
122399417
122974989
131196418
117826410
119282621
128092849
129489328
111442631
105527332
113484228
112909509
142430965
154221883
155793294
145994053
148590317
130232580
170659195
140885153
117805076
128329222
129588314
168679464
173423138
161102727
163597444
158450998
117046890
105285838
103237841
107506636
-----------CASO 4-----------
141088246
124880054
145508934
216887189
266859605
247160857
188420026
289754509
151706259
153351910
154981348
143789042
117436863
114946413
120050620
132629590
134444628
152307858
136230226
150052928
132650070
142445471
135623080
156664546
116935957
139370488
150052501
150359700
124118455
136896678
130205274
132043351
151600020
127510450
142059765
132623190
111590684
151385406
123374348
131659778
123966561
128462342
140556194
134859774
142642591
130542766
142818377
130985219
173386871
142806857
226896349
195662683
180935876
192587700
184169151
206805922
117616063
138294863
132148737
119311207
132254124
125365600
132420097
128450822
131889751
132773377
126275678
133672362
116370198
127806130
132300204
132377004
181512728
180661529
202732114
216037270
216054337
171380687
171544527
172242126
162218032
172085113
134501374
125020426
173342498
117417237
129360901
129362607
127211357
127097864
138199290
140238754
122850829
129302447
120309605
123166562
132771670
123838562
116115905
118191208
120562192
112079643
136124413
137613051
189201677
223483874
225184138
238787961
206396749
206715042
233411542
231648557
143230964
130646020
126625971
130723247
114916973
104802852
120089873
116246038
177172253
167702399
158581557
171322234
136419665
134439081
133109162
144587762
182132674
166380587
263072090
264862808
264931075
271830265
161650567
202544808
106307277
115265132
114640493
196766895
199530412
196096603
199106305
196598788
164326617
164623576
164408537
171554767
142753097
108557941
120503739
121444964
174971510
175078176
185013097
181784514
153078844
189398371
115345346
153998736
147527065
121045605
197544707
206798669
202138194
198627159
222752142
206414242
117447957
122908856
108772128
122124217
168261758
177339506
162434779
169754662
167164799
167972479
167044479
165484161
207610614
209193119
210780317
230748291
161733339
173622817
173702178
162785925
151722899
190971915
216410176
214417219
142691658
147489944
154579429
148099651
145763227
156912865
150495808
153223057
-----------CASO 5-----------
131840258
139938381
110787698
127937969
114423321
112223856
112697883
119056915
139138382
138807289
122832483
127151623
138576463
131902978
146905839
136372732
204907685
174571297
175266762
136567719
104276773
113808494
135520680
129684741
130469807
130462127
131148632
126011999
209516532
194261085
185467496
186521361
113347695
135459666
165968001
141725258
141706912
141716725
159565449
147926851
149581035
138630223
153140284
221048037
196602628
152045458
116222571
222495289
222566542
216739562
223488141
241841184
128822875
355942371
341968202
202177447
202111741
201394942
202075475
186790161
264905047
288563257
288829924
136638118
137623290
139849635
141334006
139387129
129570394
115660225
168092372
243420702
246595951
263662596
263762009
217996948
195623003
171049167
184513044
120263526
110886684
125924959
126538078
132768256
135614973
128997381
128300636
183836351
163007364
200043264
211170716
138198009
166429653
169704316
235648125
275227808
279441563
274845088
165976534
167825705
117934783
118585448
105808504
151345299
140521206
154017936
157363852
193312179
133653162
136760144
245131206
256672951
215267564
120543845
132882603
211650716
205001551
275850740
277546311
219745425
270936826
243900701
142594377
145856666
163178458
167996372
170783782
146863172
126282505
126274398
113485082
190680075
197944066
178220572
288049124
227443762
225389791
225604404
140060835
167794559
188666212
190964235
162041819
120971365
125726986
131825325
120620646
115439212
151678526
152607804
158451850
223989047
257216097
117936062
128138930
138899022
144135069
146058053
131233538
130531247
635401427
114005614
201734142
190424077
183174165
190372876
197439748
109143327
198647639
169150930
117337450
125175306
144037789
149208129
158492384
147875224
103505788
119271954
211342236
272800504
244569287
241978144
244486087
244355954
191530848
107564662
165618134
172989219
181061315
205725604
106358051
183283392
193037833
113986841
157869451
193089887
197360387
127593650
135427241
115334252
-----------CASO 6-----------
193584392
184036885
183053845
190689036
117476970
123919628
125060106
125625439
118385768
133843882
133540523
135845799
136854012
134363134
134804308
303683452
214326765
144806215
119867153
117441556
123206242
238582735
238708174
188436239
205584803
157354038
162528219
162167259
162596912
104980345
114194627
199372118
194556338
140447393
133801216
133697108
134054656
152824124
129377541
168916690
129970607
124077921
118754835
116244331
135019347
121261071
137032785
142874270
204905551
204902565
203807313
221559183
226334857
144598002
141151393
143802270
115950785
119732327
119098728
106525304
119925607
116946624
119514727
134275241
113158255
135475026
105352399
123193869
137275557
144664988
178854597
188267279
103196881
129101488
135466494
140218274
140080034
120749499
120928272
119404647
107074850
195250097
235515005
203276540
230199599
230721838
123432802
108511861
120677393
116467904
111941830
112351003
119175954
111445190
119597500
121034511
127201544
122116537
126258185
125588319
126122505
144039069
122761656
124177334
116397931
112937242
120131687
124704693
133700949
140449954
111910684
165818668
141072459
210809330
207371254
127535624
140699980
140720033
139101689
139189156
120527632
118535528
117741076
119253181
117895102
113303749
112656922
215110551
192088501
117686036
111062898
120009660
118764221
120317713
119674301
116042091
123937548
200450303
200302250
200581290
144784882
151835965
153577190
144076189
149368555
150744127
143841949
141928778
146276079
138871289
143629043
144530588
135559506
135273213
287634405
287689445
179761690
182971926
182909633
183081579
252439144
260320094
218883133
196350895
217671402
217901374
217765268
218030655
509133855
502923303
310623602
388314383
93172361
93941640
161260167
161264434
131966978
131170819
129427461
111166577
161255901
217457215
194275592
156642360
135539026
179359344
179024838
131929004
137418491
125537546
136205052
124655627
127676850
144974321
143687923
144681628
312981786
376697118
414759576
508152523
-----------CASO 7-----------
167784318
169063463
168149972
229263920
188908558
247652376
231560664
230087386
107984928
117928810
116267797
104490959
107560822
108711541
122723683
128156849
124961121
122386190
113479961
116493931
125601119
133098069
134757801
126250079
112290416
129768368
134515881
134767614
134848254
112760602
168749437
182801686
186482961
186259389
181734594
171124688
169987622
170154875
123210509
103778427
175288522
177034867
181184195
182689046
182206487
182610540
173906978
209694025
185906109
168268585
169021650
185491816
185063443
185573736
117667689
124432907
109629300
108499914
114707907
124665440
131437058
131512152
213140208
105092132
153179110
247453976
162881925
164897069
164830082
165095468
101104938
140323660
191912288
117627583
120838245
121155259
115012546
126657971
117037503
136337319
167841066
143661896
151358953
151385406
150998847
140478967
127225437
134542761
135764307
136925692
162606725
255382713
259974494
259940787
263253423
106773624
110288499
110509938
113453508
107751542
115547159
115123480
117358783
153514044
182509847
153480337
158290571
135763453
146903278
144947014
160530568
170660048
181433794
181828460
140211020
123878242
109785459
120563472
111940977
142299124
142826484
157080546
158627637
119096167
119439634
121449658
119719100
190337037
196959321
204889338
167429332
121078885
115152920
120854032
120230246
124183734
115291159
125469280
198540546
108077088
109736819
115918358
114544493
158883210
159132810
224354273
143887603
130753540
132151298
124270347
124135521
111308231
117460329
131418712
114926786
321925988
321041509
153741883
161202993
164241283
166842240
119527527
128321116
117603262
141732939
145094641
138071290
141584032
142072992
126494984
128543409
229727279
244297074
199494145
220989157
221165370
224310753
233375702
156103480
113288815
106593143
117148010
134484735
135780093
125571252
127074824
129482074
108409461
194139912
131422978
127016371
135451560
130796633
133328469
133648469
121799098
104988452
105729998
118346089
165042989
-----------CASO 8-----------
190898103
190312717
200282197
208046667
209944051
196689242
216735723
223538060
203026514
202859260
203031633
185911228
117259796
119177661
139658061
139255288
165194029
166601600
164991789
165214508
152603112
104206800
110305139
111096178
110100766
122659683
126459145
128029276
180990062
163262511
200538623
220625211
222325049
211731356
212044955
224375607
206832802
199323905
197815213
112793456
128110769
145115121
130416473
130933593
179974596
182671980
194712497
241781451
117178303
130869166
132611670
134477908
119827900
126315785
124253281
124363788
146635332
363450841
364875053
364338734
248170775
256830818
263307183
265218647
125675786
107330423
104650106
122416483
122363150
125264907
128372742
128803248
163381124
182903660
182804246
189155598
196917508
121156965
120786619
121965497
129423194
110254365
110951965
110506099
116827158
110787698
116438464
106457891
161120220
183444672
132403457
129697114
129875034
141964618
142315338
152448658
111440070
176510494
179995502
195329030
190453089
162370352
209559625
209875785
117644223
190057570
189953890
190064823
190101090
180536943
209549811
200457130
159041503
135329107
135316306
135584680
135949052
135914493
133108737
140187127
204319312
188140559
190588343
190494476
146104986
158475317
163369604
163041498
108300235
119868860
113301615
113454788
731862104
199687424
203913552
203284220
141454752
136240039
148838636
161208967
109457780
120661179
123907681
123717815
145549467
163268058
151531326
160255368
239745400
247765016
201293822
206475256
121531578
112146630
131934125
132244311
145715867
183370432
307046860
290236215
307562700
231898157
122405389
115192599
116752918
241810038
241405131
243680968
192346634
630361220
238022522
248793708
168833491
146230000
150523114
146820932
166331520
166580266
119343634
133301163
126814131
152787431
154229563
154155323
189790477
189610850
189662051
186678801
178678811
184047978
172536099
176591134
142606750
145175281
143087603
124103521
155325668
125524319
165736321
177002440
-----------CASO 9-----------
149449195
182533313
130458713
131493805
152263912
249553174
257731083
139101689
172446926
168208425
178492785
178158705
178714652
170926288
171835087
278489670
219061480
243207796
180848835
185112936
280245828
215521005
201242196
193935539
241727264
186517095
204051792
217807935
198022573
204313338
188432399
135231400
220111932
269757521
269824081
269664508
209756318
202253821
206106616
158113505
180433262
163661870
177389426
144497308
141033206
202718887
185954322
173048099
119019794
192210954
197742680
205099684
191913141
198825986
186971068
138585423
113936495
125018293
118963474
117719316
117853716
190424503
194467165
192696927
107704182
118748861
142191178
142330271
141984672
144843334
144964081
140094114
145787974
129948847
131559512
133178283
144820721
135659773
139715661
119071848
122716856
221807503
219131453
219345639
128770396
137211557
114919533
116565184
121665551
144488775
129126235
129303301
144769521
137296465
127128157
129499141
125522612
152615911
118718142
124865546
197685507
191354208
192734900
199096066
190308023
106850423
122821816
127303943
136608252
133536683
132144471
140533580
164044164
165047256
195001350
197554947
116259692
140734966
136538705
124978186
137169318
129362181
115519426
130762073
124278455
120562619
128367196
134407934
135637160
115376492
165985068
150037994
158221024
133174443
138274383
166845653
180266009
150821353
132198231
136703399
152056125
129396315
129454767
102433575
115902998
124682507
217046336
234133461
234639486
116215745
116394091
118203582
105715491
112196123
107582155
138473210
138969849
117972329
116722624
119714834
137652304
113017882
108289142
154258576
153153510
161009287
168296318
177096733
111580444
114113988
185595069
192738314
196343216
124125281
139819341
124741814
134438228
128861702
131402498
128960261
128995248
177624519
195882843
125871625
127502344
128010930
114171587
204242512
221007077
238909988
157729931
177017800
197442307
197248601
152724284
112621935
120638566
119184061
107715702
108734154
-----------CASO 10-----------
158306784
135400787
103235708
115673025
115539479
111513457
115810838
120417980
115814252
112826736
165247789
125622026
130718979
130887086
131024899
133492309
134544041
134841427
123931148
122413923
132885590
130392580
137991930
142289738
142451871
121552484
148867649
110553459
115612866
128778075
130121647
116081772
111984497
131714391
115266412
107088503
111932870
115177666
119147794
112194416
110081566
178910064
187128934
108000288
118980114
115912811
116066838
121315258
108589514
111683698
119278781
160393181
155976334
155318414
151445139
152390205
127865863
106905890
116799850
116601877
162345605
174750070
178662598
195827803
119133287
123085496
119438354
192875699
163522350
124103948
124572427
114122947
164265176
164740909
163234778
108558368
109052447
187169893
188187065
183385365
200408917
196447322
205014351
109775646
126018398
118031635
109682633
105171492
163563738
157230732
157585718
225602698
230624985
135321000
138948089
139526648
101732136
119010408
124720907
116275051
124913760
116995690
124833547
125243147
136463185
110471539
101305897
148964076
155544548
116681664
164619736
163120431
164651309
167030826
164453336
125339146
122343523
138463823
212850501
265715713
267910910
271156986
265743020
138356303
138458703
129860954
99885952
119178941
138692516
116847637
125342986
204078246
208366667
220449425
225503285
108142368
116405611
116736278
117085290
120124860
123843255
120470459
115878679
178267505
189133411
199879424
180286916
187857253
170413862
117307157
122848696
224287713
301984893
301644414
303648465
153533670
157344652
180074436
181114648
168685011
121726137
122626403
127526236
113443695
110890098
117958249
113763695
110969884
111435804
110521458
187829519
300105856
272632824
118276968
131744257
122106297
121064378
111274525
113221402
164923522
165014402
136665852
139614114
111747697
114106734
117121556
115597506
113707375
118682728
180856089
180501956
190095116
185167550
194370311
192753246
167593599
167435732
155335908
156041187
129041328
