-----------CASO 1-----------
94926385
54208357
51743934
52980412
55233209
46714393
49577323
53407505
122292324
50407615
79484485
52436413
51706814
62133681
52922385
97900675
64918530
51806227
52953105
123552268
47592046
142305951
54549263
189738850
108632181
49792363
50956308
53140839
52329746
68709885
55444836
60495283
46734021
53108413
54642277
51379134
47537006
54896570
55351823
59644937
47251993
50943935
47436313
53296998
48936471
54833850
51585214
53565798
53174972
51532734
51399187
53583292
49262443
101619070
49604203
54052198
54457957
50358976
51955986
49663510
103865041
50076523
149573355
52159080
101795283
48660418
50964415
57299553
51490920
72215801
51711507
47327939
52638226
51123988
47177753
49393004
48032366
50854335
55023716
51008788
49611029
50368362
48270445
52697533
84647998
49448043
50044095
52514919
57351606
69357565
47054446
50133269
47870659
50336362
48929644
54817210
49491990
52999186
55431182
51537854
47437593
47353539
58750645
48092525
53303398
51088575
49659243
51333481
52915985
51503294
47512259
48430444
55778489
115811692
51632147
49036737
49713856
50949908
48475671
50117056
78395633
51115028
52036627
89005539
57196727
50742548
72748707
49447617
56822967
50925589
53269692
49566657
64663383
53735612
50691775
62064987
49838443
51195241
49595243
53807291
54973370
51437161
50003989
50422123
107077837
52840466
51095402
51722173
79420058
73049934
49581164
55633422
51127828
52531560
75728117
65338797
76741876
68353619
55490063
49265430
46928153
56810594
49518870
113566575
47696579
54634170
49285910
48718445
46943086
51293375
49189484
46734020
48165912
63922692
46032155
51571561
110195059
51220415
51273321
52149267
53256892
51159827
46157594
51108201
49622123
57329420
51220415
49351617
48956097
51982441
51032255
47569432
60549042
57085366
64892931
48221378
52371560
48775617
49559403
117559743
-----------CASO 2-----------
48158231
53231292
55214863
49112257
48895938
48242711
52790119
50063296
49252203
52930919
51065961
54172091
60411230
48969751
51099668
48131778
115268546
52856252
128457222
48012738
45594395
51863827
49906282
52318653
51157695
50225856
48529005
48769217
55309583
57035447
55620622
46843247
45420316
51439721
52502120
83845013
51463187
54661476
49565803
51807934
109209034
50259136
50575296
47926978
52768786
134179242
49645590
52838332
86188689
51020735
50077802
49006017
51886867
48702231
47556205
49219777
50906815
52737213
53892624
50405056
45641328
48325912
54008678
53727504
52363453
54240358
51943187
50129856
69017085
51949587
51719614
48834498
47973059
48247832
55125690
53075559
87482341
51526334
50132842
88674873
49266711
90965644
51219988
84451732
46925166
75431583
55049743
53130172
55283982
54478010
84431252
50315882
50975508
53797478
69681831
46749807
51473854
53506492
48899777
51301054
49715990
49242390
52422759
47367619
49340096
46467353
47101807
48936471
47382553
51160682
52346813
49366123
50613695
53511611
110069193
47691458
70730149
51037802
46887620
49992470
54975076
52323347
53692518
50208362
52826812
52196627
49976257
49456577
137992783
54361104
57293580
48194072
53095185
50035136
48118552
47608259
52515773
54512144
51398761
49407510
52279399
101894696
53858491
52289640
62930693
48484204
50981481
52393319
58744245
48184258
51554921
46838553
47829698
49216790
48757271
55216143
48204311
48019138
51858707
50955881
61717681
49189911
47491780
51451241
55151716
49803883
63148292
49337537
53227879
53316198
50486548
49805589
47662872
47503726
52477373
50024469
56275128
51812627
49240257
56001208
137881850
52996625
46761327
53588411
48281538
49954922
46844527
76805875
54664463
47800686
48947564
58022326
58970378
48283245
50289429
48759831
47589486
56501687
50623082
50014229
-----------CASO 3-----------
48819137
89379299
46543727
53739452
56623288
52450067
54999396
52632253
52051560
48332738
55632142
50339775
48307138
58455819
46106822
53281212
49849110
46742554
49288897
149265302
47958125
48116845
48241005
48275138
49355883
47856152
48528151
51489641
49756950
52022547
53094758
48831938
55200782
53441638
61710427
48153112
50841961
51660734
56729527
57391713
52331026
85473597
78371313
45424582
48554605
49006017
49884950
101947603
47964525
49884523
51965800
52757265
59041205
52271293
53601638
50181482
58576991
52044733
56516194
51428628
58271499
54196411
56046008
49017537
95652571
49591403
83423466
49548737
67828394
53225746
53710865
115724652
58465205
92068149
48360045
54020624
57954059
51211028
62694746
48649324
54015930
48758124
51597588
49203991
48834071
50669162
49992469
49968576
46344047
52734652
50569322
51208041
117872916
48761538
52561426
47410713
52738066
114003054
53562812
50387136
53585425
53602918
51366334
49668630
52160360
56561848
55996942
50779669
60811015
51515241
52910439
61110961
102988241
51218281
53524411
55980728
97184729
52461586
50902975
53705745
52895079
52890813
51301054
50608575
48646337
50554389
51995240
51126975
57388300
52036627
51896253
51912894
47289966
52698386
50981908
51536575
47281859
48011885
49905856
47256260
47770393
48982977
48064791
52738066
51073642
49642176
50149056
50474602
47350979
49241537
52530279
51777640
52681319
47311299
58949044
52855826
51736254
47207193
109446260
47459779
49756523
53958331
53871291
48267885
49567083
53034598
52171880
49760789
51182868
57217634
53702332
52219240
53037585
96408623
55930809
51787027
69229138
54946490
87778448
52569106
54244624
52189373
53184358
54507450
55691022
105578532
54658490
52530279
49131458
54396944
65643436
58512992
49427137
51603988
50789481
51719614
50498922
128395782
53505212
54643557
-----------CASO 4-----------
53883664
53253478
59640244
67083861
54694757
57481313
46844100
54050064
53326438
47692313
54153318
49575616
55269476
48911298
54076944
50277909
47762286
58562058
52213267
50032150
125020427
49594390
75973876
61384455
49655830
53533798
49602924
57051661
50736575
54640997
53028625
99181100
55650916
52453053
64249944
65622956
56074168
51908627
105788878
47743086
50850921
98955394
50017643
53796198
54216891
55773369
52807612
50346176
52981265
50533909
50818495
54623077
58405045
63764398
51858281
51084308
55032250
48621591
52061800
51267774
49829056
49500523
57584566
49918656
54054758
50001856
81408322
49245804
51890280
53645158
53789798
51591614
53275665
48992364
48769217
59947017
51918867
56523448
50797161
52027240
50537749
51497321
48991938
49517590
61859761
47065113
127853489
51908627
49988203
54317157
63229359
46990020
53757797
66352555
49477910
51374014
48837484
59391924
49747989
47637699
46658500
51949587
51406867
56182542
47952578
53898598
49259456
48690285
51881747
58862431
89372899
47686766
56348515
60608349
45530395
52964626
49954070
114561986
57037153
69943377
51774227
50455402
49261164
56775608
49541910
51560894
50294549
52898919
50007403
63574106
57461260
47037380
54137104
48969751
64811437
51973054
50327402
51029694
47977752
50324842
50451989
48265325
50194282
67885140
50595348
52913425
50707562
51410281
47813912
52837480
83519039
55793849
53423719
51280574
62696453
104488826
54309051
52327613
52107453
55954275
51290814
51348414
57647713
48430871
47232793
48521751
48279831
58059873
62586373
56135181
52992786
49107991
58679818
53725798
49925910
66068822
57482167
53149372
51908627
52478226
51497748
57300406
49367403
50169536
47465753
54071824
47415406
65771863
53492838
51239614
54265957
48574658
52177000
51869373
54342330
50195562
51864253
49670336
51475561
49791936
-----------CASO 5-----------
52440253
50289003
55994808
59778911
49185217
75348383
52223080
76511049
52825532
50993855
54417850
47751192
60737202
55749049
58035553
53617851
51169641
49697216
47493486
49307671
57352886
52591293
71658575
51421801
57130594
53547878
51366761
47845059
120410726
47307032
48511938
50738708
49838443
99514325
47770392
46944793
48170178
55677369
90393484
51656894
54653797
52807612
45881114
120402619
48997910
46973379
83189654
53180946
53056786
48041752
51270762
60615175
47955992
49680577
58149473
51596307
53350331
50780095
66608555
46975939
46624367
48831937
51542121
51981586
49962176
49309377
49980523
49567509
66687915
55851022
51078335
50026603
51505000
48066926
51502014
53768038
55236622
52525159
52196627
50408469
50416149
58717791
48778178
51616787
62511280
49764630
54802704
51060841
50338069
50915775
48914711
50002709
63819438
51257108
54736997
50929001
50169109
50208789
46965700
51522068
51013055
51951720
48758550
109399327
50869268
50117482
51617641
47121859
55939342
48283672
47586925
54057317
88216208
51672681
51658600
79966191
51145321
49129750
50657642
119701607
48005058
47306607
48828951
46517701
47985005
47867672
54865423
50422549
117447956
55218276
104625787
53372518
49285483
80470083
59486644
49212097
76107849
52307987
49718550
54799716
48718444
51859987
52334439
73729185
46027461
554680037
54406331
53030759
52249106
48424898
101200511
50494656
51155561
49477910
54652943
51515240
55206756
50887615
51329641
54280891
57261153
52597266
50805268
51099668
49803030
50560789
49837163
50199402
47792152
49538924
59521630
61499655
60398856
53041852
50874815
52481213
50034709
52126653
57696353
48600258
52914706
50769855
50073536
50862015
47332206
104227280
60536243
55849741
47060420
49871297
50385002
55118010
50282175
58719925
49087510
48754711
52207294
50135829
56564834
52876732
-----------CASO 6-----------
102732668
49205697
47334340
49349910
45412208
44739356
56637794
53596518
106016717
49855936
49320470
52772626
49399830
57308513
53274812
48627991
52148840
50158869
53125478
47901806
52956946
47962392
49448896
51173908
50683668
50901268
62521520
86466449
49460843
49038871
50862442
47979885
54470756
53183505
51354388
50437056
51204628
50358549
48331458
53538918
89253005
49204417
53095613
51990547
59059125
53186065
71044176
50942228
48387351
48186391
48319938
49570496
49086230
51687614
49393003
51595454
55302756
48310978
58995551
49620417
51696574
51388094
49368257
89334072
52215400
56894647
49925910
70227537
53045265
60106164
64567811
82032109
55017317
50849215
56378381
135649106
116848064
51087722
56291342
55688889
52416359
52731666
49239404
55746489
50820629
49953643
59024137
49756096
59269898
48713751
45941274
46252314
53220625
51708094
91929056
54132838
54186597
48849858
48793538
51089428
53812411
58785631
49810709
65172397
58062432
50433642
52033640
46579567
67576234
56453475
73040120
52167186
59897096
55891129
114361880
53441638
50024469
50399082
50717801
48598978
58436618
97290116
50350442
53824784
113112602
78725019
53414758
50987028
49579457
79098352
47946179
72842573
100944084
50923882
51734547
52072040
57561100
63154266
50720788
52077160
52142866
51808360
64093358
50226282
50679829
52100200
52699239
50003563
54161424
50844521
54224571
801446228
51415828
49936150
544972529
47925699
59779764
52912146
50855615
51941053
50668308
47417113
52512360
57203127
52825105
54009958
50621802
54971236
73843106
50178922
79988804
52837479
51224254
54705850
55700409
115221613
49203990
51245161
52348947
49061911
56385208
72974413
52738066
57251340
52700520
51574547
49272684
55315556
48821697
52502119
49167723
56850274
52083560
52076733
49561964
48605804
47475992
56076728
47474286
49317057
-----------CASO 7-----------
78390940
52310119
47347566
49939563
46674287
49086658
49989483
55785742
49763349
48884844
50892308
47991832
52569959
60292190
52031933
53124625
48042178
50972095
48644631
53315345
52966332
48351512
50307776
45021809
67349673
54421691
252118717
51953853
53346492
51019881
68600659
54938383
132670977
48642071
54814650
50999401
48970604
50000576
49686550
52336573
48290925
53150225
48671084
52412946
47907352
50575295
62487387
51694013
49202711
56993207
48345538
47435459
46144368
49569217
64662104
81607149
53723664
48510658
46593221
69390418
50214335
48211565
46345327
51877053
52515347
71687162
54230544
53882384
56653154
80237124
48694551
47654339
48738071
53163451
50927722
50666602
50509589
50526228
56793954
51630014
111130738
49638336
48680044
116540011
54629050
51062975
47282286
47990979
57825633
60255923
56257635
52302014
48793111
91274123
50842388
53515452
50284736
49896470
51640681
81934402
49567510
139822327
51009642
68853672
48517485
48366445
48926657
57133580
54112358
49304683
88598073
51394067
57453579
51379988
54291984
69058045
104981199
49195883
51286974
52627559
51117162
48187672
81820482
59919283
50515562
49820523
50338069
51487080
52120680
56811874
54748517
47094980
51227668
47894126
51521640
48016152
101838803
49412204
50675989
69741991
53007292
50394389
52661266
49069590
59589470
63004505
54890170
51290388
50647402
61340508
59838643
66788181
55278009
53931451
58783071
51432040
65387436
49747989
51047188
52413373
47295940
50188735
69908391
50100843
87393168
52154813
53340092
52074173
70783056
51225535
48814444
61913094
50813802
49884522
50284736
51747347
49939136
72323321
50578709
127934556
49130603
52784572
52004626
49559830
52459880
48751297
50954175
51715347
47325379
58176779
51892413
51990973
52227773
50439616
49426283
51999506
54102544
49340950
48552472
52715453
-----------CASO 8-----------
53170278
111626950
60174856
52802066
48178285
50167402
48374125
49848683
53662651
48986390
47439726
47665859
57125047
53582865
52857959
54206224
49420737
49188204
49945963
52529853
49122924
49113110
97543128
54212624
45836315
54501477
50539882
58169526
63516078
53303398
50144362
50987455
55257956
61693361
53324732
47623192
52911292
48979564
50430229
48923244
98218541
49749270
47328366
51852733
53506492
49580310
74922571
48517911
49196310
48065645
59708937
50327829
47985005
51340734
52462866
50177642
50691775
48336151
48531564
50721642
52389053
359636020
54342331
50216896
55678648
50172522
49111403
55076196
51862547
50975081
52295613
64018692
51780200
81544002
47035674
57667766
51496895
54710117
51758867
50455829
65819222
49348630
50344896
70580390
53211238
53579878
50605589
48938178
54820197
62931546
49353324
50667882
52880999
49037164
62302214
57006861
49366123
47345860
49723670
119344914
125052000
50104682
53002172
50469056
62512987
52324200
50041109
47205060
49885376
54590224
52081853
49028204
99216514
58098699
48574231
47403886
49085377
79508805
53107559
50348309
49295724
74082892
49735616
72344654
48563991
55200356
54419131
50076096
50111936
53941691
49873003
54619663
59446537
50847935
100229845
52305000
55083450
49192044
51167508
53500945
50053056
47674393
54763450
85751783
59443550
62703280
55542969
103488720
49837589
54477584
68200019
51984146
52980412
63241305
52301587
49984789
51707667
51829267
49793217
49504364
55556195
49536363
53362705
52332306
60073310
64272558
53753531
52009747
48398018
50472895
49306817
54562064
52820840
78250993
49032471
47889432
54719930
56678327
60053683
54260837
50400789
54470757
49673323
47130820
52444093
48639938
51262228
50499349
50321429
51134654
50309909
52379667
48973591
48627137
47814339
53241105
52729959
50320149
49107991
46382448
-----------CASO 9-----------
56662114
48578925
48808898
91390176
48321645
64490158
48386071
48741485
48233752
53117372
48466285
49321323
64557997
47186713
46143515
50032149
47237060
54600890
51519081
48678764
50456255
45895194
59914590
68281939
51936360
49854230
52265746
50707988
69578151
51266495
47344579
52604946
57000461
53457852
68643326
51192254
51531454
57348620
49025217
50496362
52819559
55419236
49384470
123884641
53746704
62387547
49613163
57751819
49960469
49781696
50179349
58191286
48974871
52570813
48319511
52534119
51801961
54924303
52672359
99039446
51730708
49000898
48689858
49086657
49504363
51448254
49989056
54918330
66768554
49547457
51322388
50373908
52394600
47545539
48767511
50149483
55019449
53183505
54748943
52412520
47675673
54152464
73063159
55825849
48053272
51937213
63903918
53532091
115599639
49681856
123085496
50056896
50542869
79825818
52276413
47360793
58818485
49277377
71516922
52216254
47947032
57328140
57900299
51236628
52105320
48167192
53729638
52387347
50190442
48094232
63132506
48778605
49165591
49692950
52910865
49314070
52187240
52885692
51510121
49851669
51377855
53710012
48850284
47029700
50412309
56164621
47671833
49276950
52550332
52989372
51247295
51950867
55404729
53495398
101110910
50831721
48484204
49466816
51268627
52358333
53995878
49596097
51780627
51909481
97233369
51470015
53433958
56712035
52197907
60040456
52683453
53186919
50675989
52232467
50297109
59990963
53285051
52085694
61968987
50283029
53595238
50643989
59443978
50987455
106789410
49163030
52394599
51775080
53407078
51535294
57723660
49570070
55731555
50955028
54975076
51488788
51042068
72860920
51935933
48761111
54979770
60852829
48495725
53355452
49571350
49436524
51842493
53343932
51123987
51441001
52064360
79254512
81648108
63367598
50908521
47585219
48756845
51346708
47813912
47848473
-----------CASO 10-----------
52047293
48867778
45948955
50825322
89439459
49055937
113585775
51821161
47030126
50748095
54208784
53832464
58684085
48942444
55585209
47966232
51950441
68403112
50836841
149953514
49416897
56915553
60300723
51239187
48720577
51586494
49863189
76177396
69921191
49738177
56816140
128955141
53007719
52903612
65340503
54654223
47756312
48360471
54234384
113860548
47747779
55586488
55475982
72781133
51321108
47566446
52703932
50033429
49535937
51219134
51075348
50806975
47913326
53476625
52924945
48878017
48769644
50479295
46692207
56473101
49184791
48438125
51111614
52629692
52682600
50770709
51781481
46304367
49592683
49667350
50189163
105645091
50106389
57099874
46801007
48801645
49349057
55004943
60913842
51821161
52462439
48975724
49166017
51459347
53799611
52174440
65986475
55408570
48575512
48075459
57638326
56774327
54477584
52451773
54382438
48313111
59779763
58558219
54941369
54195984
47908205
50788628
52294760
50987028
50655509
75313397
57230007
50987028
48086979
74818464
54404624
81233389
160443528
51545108
56000782
63125679
55499875
65949782
49334124
53302118
52327187
54565050
53755664
51099668
49236843
51245161
52669799
91399563
60871176
56946273
52800786
54590224
68291752
77018355
59553204
89801699
50782228
47464046
60740616
52766226
47990979
72929613
82749761
83138027
55493475
49451457
75542516
52646333
51078762
57505633
49861056
50968681
53710438
51790440
46748954
78448966
96285743
48677911
123038563
54261691
50710975
49395563
98492034
48618604
57650699
51119721
49334123
52121107
59728990
56496141
52188520
49611030
47912472
50120896
50713108
49546177
46070555
50584255
47393219
47604845
50908521
51602707
52472253
50916201
66345728
54873103
63941038
47972631
48726977
47825005
52559293
49674603
48370285
55081316
45797061
55083876
48636098
48394605
48491884
136382972
