-----------CASO 1-----------
96528090
166075095
125874185
157837451
110837618
146131866
243334942
167573118
99337260
147678958
169793489
105861838
200562517
102485629
106060238
105939064
101279017
103997307
150403647
293027465
101962109
98348247
251047785
101009791
105316985
101552083
99434113
125906612
100153898
100844671
224898272
126607625
150548287
100226005
104120614
102401149
98330754
102108456
108703861
102776615
96923609
109705246
101859710
99635499
128827995
103416187
136120146
101420670
107460556
101739817
129208581
97945902
167283412
164711469
194117298
108257142
97335768
194252125
188204133
98992087
114822680
130562393
98582488
113084015
155120015
105285839
132066391
96351876
100570325
308449739
174685217
100935551
108137675
141933472
100290432
98067075
139025742
172945272
471975503
96822489
146160880
106372557
95136305
106965623
97877635
111584710
101207337
101906216
120579259
212280902
95353051
97735128
97907928
164075736
100848937
117817023
139835981
98906327
109104926
130314500
101273470
97719769
104269093
94536839
98189528
158981770
102861948
107631222
97782062
109385247
101788030
97613955
123142669
132121430
99062060
95000625
159163956
100915925
97315716
100386432
111772443
108122741
94335452
119986620
116824170
101299071
98875607
96628356
96967129
109241033
94833372
152704231
96035717
116507585
98873474
130600366
121960377
115102573
101503443
102528295
102189949
100627072
100305365
105645092
104872826
101308030
1005326927
100019499
105980878
109287113
96295557
182386114
100534058
97508569
99475073
124938080
98278274
101685203
97124569
102378109
105349412
102959228
99252780
102192509
105093412
101666429
149297302
163617071
93939933
103247228
147160558
104794746
93529480
109644233
99402113
191501408
101813203
108794741
162521392
116841237
105538851
119870993
161659953
120208913
103689254
158094731
98493314
96098437
97666435
97250436
99847126
123258723
116266517
101389097
103370108
142321738
95043291
102488189
93219721
107792075
-----------CASO 2-----------
102420776
129177435
103270694
99169580
96699610
97762008
99451179
113537562
108431221
104392399
144499869
104819065
112385562
106127224
96350597
100281472
97692035
116178625
101751763
97813635
104632613
102455763
100154752
139923021
103996453
184881257
97340462
103235281
117365183
95329585
102233469
116531051
96991449
113415962
107326156
96233264
122252644
113723161
102755709
100855338
93971079
102055550
131120046
112021616
99371820
103951653
108279328
108167115
149139009
112275910
99413633
102164776
105428345
101151444
99259606
104951759
104807119
104407759
102809895
105340451
99323180
102489042
133489749
101341737
176978546
100988030
118278675
97508995
95096625
106071757
97900248
100964991
98322220
105059278
95906864
101849043
102099496
95396571
101659603
126909278
107294156
96260571
191222796
106317517
102509095
101078484
107389729
105262799
96186330
103149521
105188559
103560400
105133092
125339147
94162226
106608504
110192499
94504412
99844566
98457474
105017466
94342279
100759764
128268210
108723915
104883919
95679024
155666147
101773097
102087123
96553263
95431558
104996559
101061417
101819603
107707169
105837091
110162205
102254803
100112512
105503865
101373311
108026315
108843381
114196334
117250409
107737462
164216963
100195712
111634631
104118053
130983513
110495858
129493168
96722649
108764447
103736614
105930105
108767007
102446376
102880722
104296826
104796452
99347926
130501380
104833573
153804604
107053943
105636558
112415003
150973673
109465459
98003928
98816727
104617253
99677313
100585258
115519852
105125839
94881159
105555918
99972566
97667715
100246912
102669096
102791975
99402539
107322316
96449583
100406058
103612027
128135516
109276447
119442621
97810648
103022374
127151197
101778643
105112185
102396029
102500988
105632291
102870909
106666104
122867470
101409151
107642742
106010744
124799414
181054488
98023554
103385468
209202506
103186642
138117797
106532556
98954540
138939982
116141505
100493098
-----------CASO 3-----------
107139276
152742205
101542697
96782383
105115599
133168896
102130643
96015238
103378641
115857772
133896789
100621525
103723814
102878588
97586649
100193578
103848401
99409793
94481799
133074603
101463763
107315062
99824085
121345551
101239763
96031451
96614703
190340023
97527342
143938376
107307810
95028785
102585469
98901633
106801356
97198382
166698027
101165950
158898997
99254913
141790112
144430321
99100887
101850750
106602956
96181210
102879868
116062145
100276778
179039771
116554945
115288599
96391130
108472608
105912185
98082435
97571288
101299070
103696934
105431332
115001880
103628241
107342370
98096087
122372963
103232721
97540995
104037840
99919659
103158482
101689470
102391762
103138428
103708027
99260886
112409029
104065147
104033146
94904625
101814909
104775546
105389945
102899495
106026958
98868780
105355385
101765416
102020989
102853842
109260234
97069102
99574912
101749203
99348353
107872289
163827417
107753676
100670591
115822785
112086043
117843476
109181300
161641180
109857140
107071437
109412127
126739891
104506746
97951021
98030808
96235824
112075803
104455546
103080401
100772564
643486749
96986756
102331603
117564009
117145023
93942493
162510725
100061312
100071125
136725158
109600713
106090530
96404357
100772565
101640403
158735583
104139814
94706653
107978102
132286977
112996122
98530433
99210539
111724657
95760517
96746543
96263983
93886173
97710382
94287239
147424238
106084984
101208190
110756125
135524093
99140566
102732668
99743019
94653745
96702596
93111347
97593475
122005177
113479961
110631538
96033584
157882251
103891921
102454909
184147817
121102779
105392932
103445627
98548781
119047527
130872579
104101414
129651035
108507595
116003691
109282847
100724778
97590916
103052242
99577899
111594524
95262171
99765632
95555291
103328721
108002422
112327536
97465475
106497997
100930431
133697963
141546912
106848717
188140985
99342806
103047548
97497049
101481257
116294251
97498755
-----------CASO 4-----------
100512298
138282489
102710908
154924602
108732448
100860458
103083815
108241355
101933523
108007115
94304306
113177456
190930956
96005851
123623949
108241782
184736617
102713042
134715988
105662158
104370639
102356775
99580032
122962616
105081039
97345156
104583973
148350104
102436989
143960562
99995178
115117933
105285838
104425253
100798164
99394006
175535562
112231110
95271131
109063114
105247012
99225473
97605848
100933844
111074418
105999651
99327446
100343765
107207970
141519179
105817464
110770205
114200601
161041714
111833883
105584932
112360389
94289373
104420560
103095761
101435604
105546958
109625034
103889360
103714854
103746854
103469094
93864840
107931169
102467282
101916030
153802897
104381306
135435774
104039974
106360184
164010030
102517628
157458572
109225673
103577467
137900624
95888944
121049445
114672920
105408718
109981726
119249767
223825634
103228455
114972439
115128172
95985370
95203718
106265037
102048296
100564778
113254681
100715818
141211980
104685946
110862365
145447494
105637838
163591470
115986625
128746928
163792003
110975858
159715209
96437210
96432944
101415123
104214907
127288157
95931184
108493088
99650005
104679119
98152408
96417583
114638360
106023971
134231294
101697149
230977411
102890535
100624085
95601371
172956365
107299276
108150049
98432301
99115820
162408752
106493304
105610105
131812525
96449584
104181200
107585142
106811170
137992783
240449825
103208402
122432696
126380212
105815758
120499472
114797507
132003244
175690442
108965408
141567819
134366975
107738742
117344277
102020563
104988026
101296084
104773839
103314214
105479119
103814694
94050013
107001037
99211820
104040826
110631111
104036560
118186942
105984292
106957943
112306203
98921260
122945976
97852461
147441731
102431869
166327681
109883593
118849554
100516138
197365934
105384825
102439976
109814899
149328875
102750589
105427065
97524356
103652134
163781764
104645413
119861180
175367029
113478681
104877519
104742693
108620235
-----------CASO 5-----------
97329795
155004388
107630369
105090852
100074539
109154847
100121899
141822112
96572890
100163712
102640508
96721796
110314099
99217793
102176296
102051283
94733959
99591980
100020778
107431116
108367221
115920918
100583978
103382054
102971601
98052141
94291506
106604237
101131390
100598912
102647762
112952176
103574054
102510802
98070488
101180884
110214259
95443504
97776088
99324459
127844103
104650106
100969684
98477528
106706636
96395397
129014875
112040389
104043387
101710377
104308346
171696847
107408502
123671308
104767440
157853238
99448193
113648068
103047121
118723262
100580992
102997202
108399221
104030587
97736408
99590699
105202212
123863308
122177123
103908134
137014438
100556672
97033689
106151544
126018825
189154744
124402187
99740459
130741166
113524762
106073037
98454061
96813530
102093523
112027164
152998205
115972118
101535870
104034427
96237530
103918373
98954113
114588867
148607809
104377040
105126265
134567507
112877082
106971597
105946318
100048512
157647585
132529750
105638265
124900107
99159339
168247678
94951132
97034969
95396571
95136731
101822590
102719868
114034628
97796995
96115504
139359821
103215655
101475710
98786860
102900775
94792838
107298422
95779718
136773371
101843070
96345476
103043281
95859077
120611259
121358778
101723177
104970532
133211562
110576925
116109078
111258737
132449964
109593033
102784296
130831619
112077510
107321890
106879437
97670275
106541944
184644030
101129257
98242008
99855659
99048406
106020557
99674752
110116552
100400511
109258954
100854057
95808731
99010007
114150681
154329829
101959123
105380559
96229850
101933949
362689669
142214645
122635790
104173093
104549839
151568446
101410857
99347926
105721038
106791117
109177034
101320404
103309948
106255224
97406596
105860984
142849097
121200058
108477728
108266954
97788888
102239869
111155911
101835816
100658645
138295289
98515501
151682366
103333414
139220301
109829406
104486693
153118097
105215438
103723814
-----------CASO 6-----------
104921893
99265580
99829206
99778006
99895338
102819282
114480067
98189101
126428852
99461846
107985782
168204585
96130011
97171929
98666967
101446270
104748239
99324033
112177350
124811361
110248819
102319230
98186967
103929040
102346962
130328580
113099375
123449869
107722102
107288183
103519868
127362397
107658102
95604358
104843385
108575861
99069740
106070051
108096289
104398799
105297785
105442852
102302589
104924452
104263973
102722002
97492355
104916346
150500501
121420217
162642138
108408181
105548665
115815532
128932955
104800719
97828568
96548143
116870677
107420876
105221839
96642009
174093857
107204556
103672614
104496933
115246360
97573421
106661837
149601942
105913038
139189155
100632618
107419169
111970417
99721259
114251374
101689896
106477517
112451696
108217461
165524268
105269626
102329895
100234538
103426428
94801372
106867916
190407436
98287234
139703288
103603920
95040732
100403071
101561044
98630700
103209255
95208411
102051710
121542245
105357945
101944616
106517624
105703545
169647569
96835290
93005107
581507949
92543028
102205309
106234317
132025004
135698600
104282746
100758484
106703224
102018856
103858213
162938245
98313260
111313351
132830976
102962215
128866822
106450637
121694564
105314852
103461840
144433735
104852346
111528391
94677212
103562960
112325830
100237952
102416936
107790369
104933839
129301168
104938959
114097774
345624731
120392806
170237648
114933612
100597631
104614693
99860352
106746743
145327174
116488385
106389197
106906316
100353578
842303349
137073745
503549222
111816817
112326683
99116673
129826393
99411926
127161864
109186421
101166377
109441993
124434187
125170613
155850893
98915287
144629148
137188091
95841158
108384715
95527558
103285201
100303232
152398312
105910478
157024225
105251706
99817259
105074213
107657249
109726579
160984967
110611485
100854484
180036889
104943653
95989210
100883924
106141731
96810116
108481568
95312945
96054917
102766375
106966050
145564827
-----------CASO 7-----------
133683029
106079011
100799871
105040932
139158435
97031556
106069625
100703444
103888507
184251071
94251826
205152591
103379067
105330638
150598634
104618106
124871094
101786323
97599449
119497661
95103452
94633693
106584611
111486151
102045310
102090962
102157949
101363924
96715823
165371095
115873559
101800830
128883888
171872207
96383877
139564194
101398484
100459818
107221622
173170551
123578295
150677567
99275393
99618006
172486179
99359447
92962014
359460660
137007185
103664080
191662688
100478591
119453714
102026109
96482010
107469943
105629732
98561580
122529977
95324465
100520405
131020206
108148768
165038295
104980346
143639282
112280603
103745574
105827278
100432084
106853410
109792712
156457186
95102599
102650749
124743520
174192844
109880606
102300883
98373848
103163601
110044446
101540136
107551436
97892142
105259385
134890920
100072405
163029551
105259812
101005098
97438596
99381206
166920320
104733732
117389503
106349517
107764342
99772033
134576041
107411916
102942588
103867601
108475168
103267708
107846689
161074140
108929994
113412122
103480187
100936831
102153256
106649464
103576614
98399447
101234643
101506856
190756449
98791553
109540980
144350536
106813730
117325503
114202307
101654483
105457358
99222913
156495160
103824080
97308462
111891910
95637211
103551441
161005447
96577157
146239813
102961788
140245580
99571926
126209118
103970000
97771395
101326803
102204882
154853775
100067285
101255977
95541637
96606596
131580419
144022429
102682322
100737578
145714587
108362955
103297148
99327020
104423120
132185857
98060674
99812139
113362628
101781630
101936936
102755282
118790248
95679878
105409999
101246590
101683924
96967129
125721439
102537682
118362728
98170755
206722722
104273360
101535870
105889997
97453528
101352830
100211925
104382587
104505466
106089677
102692135
98178861
104228133
130078980
107734902
106314104
191210848
106069197
99844138
104126161
102137896
98980567
155257401
97412568
98285955
-----------CASO 8-----------
126745011
97717209
105480398
107717835
105715491
101454377
101830270
112105243
113288815
96565210
102796242
188476772
105491491
105413838
183090966
108899701
95577905
102808615
99204567
95554865
107012130
98635394
97082329
141296032
102471123
106065785
108167968
103192615
111898310
108521248
107037729
98486487
106060238
130548313
101419390
99463553
108256715
106172451
101663016
101146324
101544830
104165840
159277023
100212779
108665887
146550425
114875160
142021791
173327139
94751025
102053843
167886292
105340025
102078590
102505682
102467709
115572332
94621745
101959549
166484694
95659397
113256815
103115815
105032826
97187715
185077950
121954831
109765832
147060719
97955715
99396566
98801366
166413013
97225262
99310806
129152688
106026104
118321769
98994647
140193527
104053201
105350265
103349628
110078153
181272515
98734380
93845213
98761261
96948782
97626755
111180658
97497049
168946557
106625570
98957100
124866827
109463753
99017260
93294387
102409255
107777142
105423225
100217899
105386105
99514753
102689575
106867916
101472296
144004936
133625429
106003491
103038162
104025466
124783201
136763131
99896618
113866094
101098538
97127129
107094049
98998914
102344829
98098648
101757736
106294051
107881675
100596778
106550904
103847120
114238574
121020432
96322863
110117406
103163601
121062245
100742698
108632181
131625218
139854327
128228103
106338424
102607229
136088572
112464070
107772876
164149977
103353894
116941504
99864618
102573522
106269730
102055550
97051609
97862701
103736614
105276452
107047116
109344713
102600829
108513568
145362161
95672624
106203171
115020226
109142900
204582138
101887016
130870872
118226196
110293192
110290632
114368707
103160188
103419600
105661305
99071019
106196344
106709197
137815717
116150038
102438269
105613092
153179110
97131396
123004856
104141947
109897672
148305731
98890113
140315980
109368607
96440623
94963931
147312025
96643289
175136629
95461425
104396240
100090325
151039807
-----------CASO 9-----------
98436567
117800809
96316890
96977370
102991655
112368923
107449889
96574596
98434434
100471765
106855543
99228033
100230272
131984471
102617469
96326703
390399500
96653530
113978308
97840088
107151223
96904410
157720971
100367231
99790379
165388588
128746928
97805528
97997101
103003175
97816195
96232410
117517076
99705899
104182907
97594755
102239869
98861527
174989856
100601472
101630163
106932770
104477733
165491841
105106212
103407654
115635906
107992608
97808515
102815868
101892989
96332250
110320072
97416836
105436878
103507921
98900353
101572137
105969784
112988442
127255731
108060875
104706425
109975753
113532015
103479761
101916883
117092117
109470580
108384288
106882423
98436141
112935109
113862681
153631803
106219384
97215449
107222050
104155600
173912951
108166688
135387987
106838904
170881061
95454171
116491798
110689992
105266212
100488831
129605381
109078047
103361574
103748134
106875170
106153678
113815747
128895408
98361047
143352990
114524013
97893422
104927866
158845237
104874532
103495121
104074960
97220996
147280878
109566153
101875496
111780551
97616088
99982378
101429630
104694906
156046733
106622157
104295546
115579159
106419491
104201680
106656717
98818434
97577262
118184382
104240080
210245704
110394738
99095767
98001795
101976616
115845825
102867069
105483385
96708570
96566489
101433896
109543113
102634961
105164239
107451169
117337450
101513684
103324454
100536191
98091395
102262482
154484709
111704603
157222199
168973011
110733938
98324354
111381618
104167120
144576668
117035797
107568075
113352388
100093312
97036676
106247118
142962590
100045098
144676082
110018846
102247976
111161031
106378103
95921797
101804243
169538769
97971927
106823543
205232804
109183434
109415113
95651291
250453440
104736719
106894370
113629294
107208396
107382903
113724868
153760230
107869302
130040154
107305249
106580771
122447630
121226938
111716550
129257648
109153993
95821104
137961637
97640835
102779602
100724777
-----------CASO 10-----------
98953260
164501976
95107719
97242329
100624511
99755819
100288298
97182169
94862812
100631338
121328912
117298197
132173484
143172084
140097954
96828889
93981320
124036108
110295752
109284981
115127319
113176602
194826418
101675389
151015486
99868459
105923278
113876334
102098643
116211478
104782372
127366237
104324134
105248719
194140338
108161569
106830796
100667605
128726449
101898536
126096478
102819281
113379269
95645318
109946739
99123073
105352398
102772775
114307267
111858630
100214058
95033905
102785575
95475077
105699278
95234012
96192730
139583822
119876540
96727343
98103767
94928945
99051394
98452781
105677945
113210735
105995384
115318892
108227275
112519536
102516349
99588140
100749525
109688606
97546115
101619923
107233143
104136827
143407177
105069519
170321702
99254060
99298860
110595272
113961668
102781735
99438379
110957511
99561260
106995063
103532241
97099396
101750056
114279108
142138698
96589103
103027069
116959850
103905574
134221909
104929146
120487099
111318898
125000374
135199400
138062330
182049047
113040922
98691287
103291174
103956347
160025821
105434746
135998973
104020347
102232189
110665672
102878161
96230277
97535022
101250857
96193584
107860768
147009945
147034692
116137238
132368043
104281039
168562985
142687817
103036028
145012295
197326681
144778481
125854559
99592832
107213089
96447023
105942477
99091500
145527280
111905990
109808927
96920623
100620244
105024719
103248508
97004249
99978112
104443174
108254155
100725204
100945364
115756652
95839024
108760608
98855553
102011603
109157407
98251821
154705295
101835389
96955609
101646377
102411815
105751758
106153677
99714432
105567012
142355871
109494473
129276848
97703555
108590794
94428466
98733100
103376508
154346469
97292249
96824623
139007395
96488410
117488490
110485192
124862133
97823448
100678271
95974277
96390277
115769452
94062386
186578108
95936731
99383339
103519868
105042639
121841337
102758695
182132674
97714648
