-----------CASO 1-----------
49664363
54673850
56068622
49466390
48457324
51264361
53250492
55208889
49197590
98150274
66879914
47889432
49941269
48572525
55263503
56180408
50170389
58875231
50469482
101785897
57363554
51202494
93670707
138799183
110350366
62190000
61165575
180404676
52697106
112395803
96024197
46938820
58088886
57348620
56227341
50571882
49357590
49710016
123839415
53166438
59211018
88119354
52989799
54012091
55186276
55808782
102590588
54276624
49302123
50860308
47266073
49584577
51823293
50200255
52418066
297172953
137703503
46950766
54727183
97778648
49137004
56126222
47350127
56561421
51152575
52592573
53373799
55972195
61020509
55152143
51202495
51132095
51488787
51217001
53241532
55703822
63944452
53722811
50691776
120749073
-----------CASO 2-----------
118358036
46277060
53272679
113864815
52172307
133624149
51234495
127076957
48745750
56686434
98506541
72936866
120787899
48569964
46513860
61754801
99045846
148154263
67248554
59082591
109926686
71866789
55060409
51378707
101121577
48777751
54859877
137166757
50622656
58172086
47666286
106778317
63516079
64707758
144394908
67716607
51162388
58114486
48919830
60604936
49823510
52978706
51159401
118086248
51595880
55646222
48972311
174754336
83154667
60297736
51640253
49974976
57174540
59094964
57785526
53657105
54183611
51844627
53714278
51182442
54408891
56107021
56319075
49471510
51077482
107990475
116932970
48619031
52628413
56112995
55685048
50882495
57284620
54831289
57046541
60092509
53701051
51719187
50337642
50860735
-----------CASO 3-----------
51938067
78491633
46508313
54074384
136278012
53618278
48999190
57263714
50950762
48403992
48843458
122895629
56471821
50920042
50449856
48558018
51732414
59361204
49094337
51292521
217484522
104083066
46949487
49457857
49844843
50242923
59945309
94946012
50485268
48659991
47730286
47835672
73686093
48419352
55962808
52274706
54601743
102626855
56800781
53833318
53773158
99484033
49600789
123081229
48031512
48976578
56002062
51138495
53942117
52669800
51018602
101575550
49974550
126936158
48543937
54864996
53838011
52311400
59833097
62137093
51776787
121019578
54745530
51278015
52720146
49349484
133913856
48279405
49194604
51657747
49420310
51385534
105125412
48261058
50332949
53109265
117968489
104718373
57200140
49704470
-----------CASO 4-----------
68028500
57725793
63047173
62011654
51303614
192758367
91609909
47805378
50888042
119887206
49564523
60328456
57722379
49804736
62050480
53540625
111175538
49977963
58260405
51635987
53064465
50891881
50950335
57451873
73988598
113970627
59969630
56840034
78231366
62527920
53606331
146957465
54977636
60479069
105165092
52769639
51468307
50337642
49498390
51079615
66557781
61269681
104528080
111367964
97752622
54111931
50125590
57499234
50509162
48907884
51279294
47160687
47999938
60382216
56310541
62812506
53565372
46417434
124388107
80608324
49031617
58910645
49692096
53487718
48922818
64377517
60349789
58211766
73475319
48284951
49151937
50417429
48157378
94988251
68057939
58519818
50702869
52799933
53644732
50133269
-----------CASO 5-----------
49538496
258752522
50798442
47130820
49772310
46944793
51237481
50879934
50461802
158808543
48445804
50052203
50239936
54993850
63366319
48311405
47822019
50176789
54211771
48414232
53538492
52848572
81087469
126914824
55018169
57533366
53111399
47474286
48817431
59491764
117035797
54118757
48757697
55289529
50831295
48995351
125470560
125482933
56251235
57157900
54547557
86516370
52494439
48890391
49395563
65821356
51196948
52824679
48421485
52129213
48700524
50134549
103145681
46680687
118327742
50015935
60425736
51368468
50216469
47959405
51001961
50469055
62166533
50026176
53918224
51085588
54639717
48865644
54568890
48066071
57374646
52540519
51881321
129897221
53934438
64277251
85547411
50667028
50901695
50089323
-----------CASO 6-----------
55109476
63382106
48534978
64904451
49867029
56799928
57164300
61728774
107002743
104379600
114529987
113759428
51790441
55275023
49713856
52438120
50900842
55525475
61416455
61372081
50914069
49731350
49085378
51999933
51313001
47488366
53260305
50784362
102648188
49305963
68959911
47639833
50377749
104233254
50610708
110278258
48358338
56563981
70897829
130200154
49112683
49526123
52992359
48399298
47953858
350921791
93528201
48572098
47858285
66710101
56162915
55361636
51733694
50327402
54568037
49497963
52517480
52388627
158475744
48131352
57115661
61966001
56691127
58937951
50711402
50689215
50464362
52672360
78189980
47770393
51702973
57628513
47985432
51825427
59764830
55184570
63048025
58254432
51135935
48148845
-----------CASO 7-----------
55550222
51614227
49183937
45868314
53325159
52772199
112691056
57801740
59081311
54006118
48624578
46729753
72155641
47539139
52839186
51092414
59409417
49544470
48738071
48939031
51176895
111504071
183942164
50075242
46728046
47503299
59619337
57614860
58648671
54954169
56894221
49692950
60172723
48668524
59668831
168717438
143626056
57420726
70457083
58918751
66385409
47011354
48603671
47472152
55175183
53270545
48853697
48950977
50412309
56154808
54727184
49912256
57072566
142477045
142689950
60089523
56886114
141709046
136789158
50678976
54863716
46773274
74767690
48286231
56664674
49623830
57481313
48761964
52452200
49631083
54457103
107906422
100569045
54818490
49395990
53064892
69079378
50812948
55344142
47653059
-----------CASO 8-----------
54110651
51991400
62633307
50338923
49494976
54023184
62878213
49055511
54329104
54571024
107042849
124071948
47675672
46495514
53069585
72481187
55097103
53188625
55972195
51449534
57917366
123125176
125213707
106357624
50323136
52505533
59925684
53835451
63302746
93442440
64702210
53631931
52295187
55076622
54627343
51848894
53737318
49197591
89720205
54605583
53033319
56882274
50050923
55471716
52143293
54885050
47805805
68403113
47919299
91368416
51551508
50907242
55384249
48537111
84608319
51304894
120836112
55322809
54286011
53432252
48460312
51294654
49704896
48029378
53296572
48584471
49478764
53045692
49154924
50805695
118232595
47885592
52811879
98489474
54283024
60073736
51589481
51053161
56454754
55264356
-----------CASO 9-----------
54817636
103763068
53244946
54218597
48637804
50303509
52099347
91775456
47787032
51794280
113457775
63157252
127250184
53596092
53345212
47868098
53008146
53328145
56763661
54168677
67545087
69534631
56015715
52755132
50043669
117893396
51786174
50978494
57136140
60254643
48732524
47043780
51315988
120663312
50842815
96609156
50122176
51691027
50245482
71217402
53620838
58320566
48470124
50063296
62952453
49620417
47988418
67823700
49601216
50283882
47223833
99391019
128562609
66579541
56199608
50198549
47122713
148606103
52544786
50496362
112909935
47336899
54661477
53592252
97994115
70132817
61671174
53841851
51879614
58157579
83931626
56191501
59606537
46842820
58891018
113347268
49671617
51777641
50736148
51427774
-----------CASO 10-----------
53049959
58962271
51516521
59018164
48729111
51103081
52700946
60794375
54336357
52283667
50592789
178353265
54167824
54713104
49214230
52466280
51202921
46415301
65879809
51524201
51890280
56243128
56623714
54244198
188320612
59228084
56183821
101075924
49570496
46488261
49339243
47104366
48114285
57123767
51343294
77819207
46307781
48113006
58360672
50914495
112401350
124965814
54307344
94081160
50912361
51137215
51355668
48594284
61934854
52210280
50017216
52104467
55781049
49097324
53503505
233307434
53117798
50914495
51388094
55679929
49963882
54606437
51027134
51449961
53762917
49650710
99235713
53385746
51243455
108406048
63528025
54915769
52462013
47808793
103395281
93683080
48007192
49526124
49026497
48909164
