-----------CASO 1-----------
101659604
163387097
134311081
93317427
182430487
101696297
103696507
114183960
105286692
102070482
149317355
98297474
102358483
99751125
108196982
123590669
103999867
105523918
99615019
105439012
227285470
101467176
108162422
306961527
284533396
110570526
109023007
164208429
280267588
113148015
171063247
187049573
96090757
130694233
111596231
100351871
102486055
101529044
107634636
100520831
102844881
160409395
179750169
98079022
95164891
109772233
114660120
95944410
113899374
97387822
102647762
164607362
106279970
160943581
106995916
285408061
461649329
248644802
106462157
318211006
193505885
101640830
103769041
113391641
103988774
165583575
166329387
108475168
114046147
97438595
101121150
108310475
99967019
101110484
104148347
149284502
173056631
98960087
105548238
404670628
-----------CASO 2-----------
188123919
435515603
155444708
105297358
172554872
105097252
103994747
101759016
101641256
168941010
120101393
174737269
126541918
115494252
100891178
119087635
107533516
164383363
172685859
101187711
110725405
160678621
120859579
132816044
143326963
104662053
102524029
99604779
149900181
119184914
135624360
97301209
176251508
127613703
123819362
108777247
103434961
102367442
114437400
107242956
116402198
102935761
110527432
124846346
175735669
161004167
159500596
106647757
195674630
116789610
114725826
170693328
134672468
104994425
111507484
107752395
111192605
176071881
185775122
93529907
100616405
108365088
116619371
172911992
115620972
119276648
114067481
103467387
108096715
124188855
114632387
109694579
110797084
131934977
109284554
167786452
179721583
120358673
113991534
101594323
-----------CASO 3-----------
331605762
129830234
140809206
139753635
100234539
103996880
180207983
103842427
101107924
104813946
114532120
103531814
173832738
150888767
106975436
117487637
97427928
130522713
126776158
142878963
118394728
104502479
140064247
158953184
138926329
101247018
189103118
120734139
105047332
108464928
97361369
108541301
96996143
109083167
113668121
101520936
102122536
98900780
98942593
103538641
166005547
95668357
102733522
101503443
94984838
178829852
99032193
101319977
200989182
137726117
163298351
102506963
235133565
102050429
112199110
103149094
172980686
102095230
104905679
101938216
109607966
101648083
148241731
125625013
110858098
106064931
176248521
142392991
110606792
104653093
113083588
107206689
199587158
423562552
97736834
96706010
105771385
251421545
108879647
195342256
-----------CASO 4-----------
144449949
143907656
98484781
117575956
216648256
246877551
216402923
161558407
112115057
260975453
156422627
103160615
184129471
109601993
98951127
112353563
278241777
259938654
104694906
106184398
204228431
151455379
105032826
103511760
100574591
122854243
103333414
111516444
108640288
135012947
97655769
106544930
180331290
176703348
107137996
153923643
111725511
114794519
105988131
99871445
128316849
105021732
186865681
176678601
100243925
157727798
171463460
182823019
99496406
95408517
100545578
115547586
112899696
111425564
124598880
119067581
171422500
115769025
103492561
181164995
105940771
106331171
139101262
139294968
110885832
122823523
178694171
184169577
195328603
238066896
107002743
102813309
114109720
104070266
104191440
113135215
181145795
111161458
154090469
104886052
-----------CASO 5-----------
114698520
104645839
128173489
95940998
102489469
98435287
109324660
98451074
104668880
172907299
216531776
100992724
103027495
102326056
99988778
94918705
101738110
300024362
112373616
97662595
99866326
104950906
108056182
123399949
229334746
96970116
139777954
98528300
101476990
99131179
95285211
104525947
103469521
105614371
170539728
103776720
101997949
209361225
284751422
101419817
113770521
101605843
113247428
101531176
96645423
99667926
162160006
151263806
97855021
101755603
115561665
103379921
174853750
173433378
214199192
129375408
106032931
143923869
103679867
96902702
245776325
97824302
576504862
108761887
98319661
173801164
170163836
107234422
102983975
102146856
199817984
95445211
105702691
102390056
96604036
105374158
95663664
159099103
218794387
103599654
-----------CASO 6-----------
112414149
99262166
130663939
178386545
171672954
163484377
106639224
107919649
109458206
110348233
121838777
125397172
103708881
105406585
109578100
114914840
156835213
160908594
178251718
178544411
118278675
113601561
104719653
112032283
103038589
99217366
155360228
186806801
148081303
162973658
207890508
128933808
181006701
99049259
141051979
100563498
102286376
101034964
98295767
135025320
256836792
109134367
99841153
106177571
183993364
178830278
104308347
223046541
156528440
115736599
114260334
106336717
102185683
102594002
104633466
115131159
106373837
168925224
172129486
103640187
107265996
113537134
124644107
112248177
119112381
98776621
93889159
164659843
176233161
99570646
108234954
163382404
112261403
108863008
165121922
183271019
111954630
123146083
113330201
107325302
-----------CASO 7-----------
101336617
288839310
100340351
98233901
93735134
166538880
105126265
104589092
106809463
115816812
102550909
104507173
94608946
107868448
97433902
114923799
99116673
99431979
96600623
110308979
110563699
105471865
168711037
101097684
103578748
178488945
101849470
156248120
116790891
130245806
138470223
105036238
106833784
176962333
158395530
97668568
119300114
143977203
148511383
102374269
112505456
113154416
98780034
101936083
102389202
97137369
118628968
223062754
228849627
106462584
110911858
181127449
175869215
226299443
226658697
99692672
103245521
100297685
107727649
106163917
117081877
100495658
100734164
107430263
111322737
112963269
108400074
102099923
103332987
97116889
97757314
100908244
98304728
147721624
115069293
107592822
102857682
127702024
107220769
106173304
-----------CASO 8-----------
101658749
103545468
122038884
108298528
109730420
103364988
134870441
128752049
169421863
137604090
156700386
235662205
143753203
101745363
103853094
98736086
167482666
242656116
107227596
112833989
163683204
128948315
186879334
150971114
114314094
121736378
100116779
102519762
102019283
113177882
320234683
384400574
98777474
93228254
109163380
99167020
149624555
126779998
132639403
155722894
98599127
161412487
101283284
102673362
120070673
144788295
96848089
106032505
151991273
98808194
158154891
103898320
107433676
103839014
109101087
110430152
108611700
105020452
100826324
103719121
95599664
150635327
109066527
101724457
100134698
96731610
98810753
108978634
109382260
97843075
101066537
169786663
175233909
156309986
195233457
109998792
122774030
175716468
107102157
106038051
-----------CASO 9-----------
105208612
103901307
215814123
109714633
101471443
97496195
101668990
101799976
156190093
177628786
128038236
108667594
108378315
98307288
98207021
161586566
102557735
106706210
113256388
149491008
126349065
106842316
207379361
133778602
99518593
108879221
164209283
94315826
106123384
101094270
97946754
108359541
114693400
101515390
222542222
101526484
164818562
173131725
99845419
102648189
118404115
102788135
142058485
179703664
99198593
109586206
121502138
114212974
104179067
103575761
183559445
97724035
97501742
168512211
292771892
101797843
102758269
101040937
135611559
106004344
98113154
210083998
152637671
110987378
181191448
165648855
100373631
105696719
100710698
113449242
121930511
110223645
103375654
106721996
97002116
105918584
148249411
210548210
101088298
103388454
-----------CASO 10-----------
148999916
107312930
96525530
149767488
105594745
103003601
184295444
111018951
109637833
102090109
101091711
111196018
105470158
115285612
120007100
154680122
96178223
97693315
100533204
157284065
103238268
102723281
115098733
109765833
116061291
261312519
123559522
113857134
114305560
111643590
109440713
106639223
113463321
99674752
98292780
105866105
106248398
100232832
150953193
158320011
100569471
155637561
117446250
109200500
183612778
109593886
112498203
93954013
186320828
94501426
113397188
102569256
105293946
100306218
124210188
116193558
225266485
166251307
110890098
115210519
151096554
110095646
102629842
100883497
136616358
129293914
168856957
212386288
130951086
108405621
101213310
151370046
105464612
98858541
158965983
201979901
171538980
150777834
98833367
99939712
