-----------CASO 1-----------
128909915
134014548
105903651
54074811
68935165
47181593
57546593
73974092
53977104
51219561
47665433
63060399
46152048
51454227
68098900
53688252
59728563
65900715
49719830
113633561
63549359
51716200
57905846
53166012
99831766
67458900
49350764
118306409
55687609
57316193
58090593
52081426
52153107
48272579
46773274
54725050
57419019
78703259
60918535
55685902
175160096
70845350
66425089
53560251
50000576
54068411
55350542
56429581
52865639
67473833
128084316
398051330
50601322
106501837
53926331
57744139
57622113
66622208
66430209
55120143
49878550
144578802
54988730
53533371
49614017
159864115
56151821
71122683
52815719
64520451
52813586
47641112
70093137
138862328
96233691
154472762
78933233
54439183
81975788
59213151
-----------CASO 2-----------
59100512
57502646
49862336
69559377
53794918
120748646
118717288
69768444
69814950
100910378
116350144
106594850
54870543
58738272
65212930
112854469
71174309
69556817
110799219
110778738
166916480
242214517
130628953
128206342
62458800
70617083
74844917
127837703
120500752
100758057
100653951
60467549
59571550
57128887
65152770
49532950
73500920
71765241
51491774
55182436
53055505
77369074
57901579
58479285
54219451
59844190
111649137
94357213
117729129
62024454
64374958
64665944
62493360
158684383
114282947
72461987
55419663
69360551
61919068
64583170
59563871
60937736
50340202
76915528
109159114
51861267
51768253
51657321
58290272
118144702
91624416
48651458
53298278
55894115
48790125
49851243
56076302
58942645
49307243
55410275
-----------CASO 3-----------
61487281
53794491
52833212
52116413
55733689
54987023
56383075
174382284
48400151
60555016
68400553
58095712
97775235
55749902
56766221
52697533
61737307
62161841
51389801
64647597
49499670
100127445
51713641
53085798
50884628
49852523
49467244
53385318
58037259
56039608
51604840
558770912
536460540
55158969
61686534
55115023
51778920
57011127
52300733
52723559
51589907
50795028
47580952
58631605
60514056
57605046
46491247
113871214
50901268
60090376
49678016
57096886
50304789
56815288
52785426
57568353
50158016
50213056
53277372
47018180
51313854
51104362
57747553
47481540
61798321
59155551
59465737
52616892
125429599
123252749
60475656
68592126
53643024
108881354
148586477
149658688
53320039
118657981
58214325
58898698
-----------CASO 4-----------
55538275
146571333
60220510
50424255
51006228
46574873
52503399
52265320
61344775
57498806
53430545
53866171
60630536
52243987
58923444
69328978
50859455
45925061
48003352
48615618
55047183
74624758
55005797
58940938
54944783
48307138
49952789
64775597
73001293
61098588
68312233
50051776
57912245
51716627
101860136
50006549
53398971
49586710
52165054
51228521
50156735
51876200
55295502
55320249
58405899
59635977
66019755
50993855
49137431
54153318
53943398
49843563
53933158
53431398
72624547
73262840
47193113
136935931
51377001
106142157
53750545
56117688
67903060
48673218
51752894
48593431
52500839
50575296
49761217
56528994
115789078
46070554
51144894
177287026
59524191
59015604
57696780
106629836
106730103
49607190
-----------CASO 5-----------
52936466
52708626
50214336
70769402
54764730
59266911
67723434
57703179
136377426
53132305
55003236
48518765
70779216
62788187
57152353
50405483
55472143
51360787
50737855
106419490
211389169
59050591
58304352
54059878
54492944
59157258
59262218
50983615
52522599
49109697
64130051
52031507
59259231
54926009
62522800
62486107
51662441
60613469
48457325
49647297
117615209
53327291
53569212
50212630
54482277
52081427
47555779
57838006
58684512
63878318
51486227
159900383
58671712
57370380
50248895
99144406
92900148
106539383
58140513
53514598
98043608
56430008
51938493
56612195
48135191
58580405
71527161
75412384
61634054
61395975
49618283
114403266
51502867
56851128
53830758
50578709
49797910
189733303
69940391
56807607
-----------CASO 6-----------
69612711
70281297
54827876
114687427
49599083
57187340
63260932
107067596
119452434
92905695
105413412
56318648
59405577
49217217
56203875
46036421
52151400
171496741
48903191
60758109
52596839
49543190
170929275
63064240
49446763
143041523
58608139
54576997
49132737
47712365
133591296
57477899
47918018
49190337
53049533
50540735
131071406
53078972
50364522
53020946
58203233
68497832
48298605
57470646
53608892
84807998
64108291
118669928
61866587
165142829
167032959
55267770
55033530
103129895
123274509
59923977
75484490
63369732
131311619
107438369
51064255
51717481
58156298
50854335
132109484
50604309
53140838
77162568
51495614
87290342
54642703
114909293
49046551
54145211
51603987
53049106
53634918
50995561
51694867
52467133
-----------CASO 7-----------
57877259
53333265
55490915
55266063
49879830
53108411
48287085
87754981
50219455
57213794
48111725
54625210
59138057
50096149
49904150
51563454
70036391
45796208
48833644
52958226
47362926
51646227
54449850
49681003
49914390
56702221
51342014
132990123
53886225
60592136
123318882
57871286
64642478
101506430
89917325
54517690
49353750
62141787
60158216
129156528
65298690
56407821
51420948
45457862
54556090
52482920
47757166
57291873
84630505
223808567
113196655
90509537
60211550
59454644
59649630
49303404
50252736
58197685
62835546
53446758
93275188
55267343
52007613
115444332
49258177
46934127
94388359
62378587
53373371
53450172
52741906
47057859
106365730
219575612
55778062
59097524
50557375
55129956
57830326
223883660
-----------CASO 8-----------
61030748
57940833
50273216
49708736
65773569
72392868
62320561
54780944
107776715
52330173
50434495
54361104
131795458
52568680
51354815
51259668
57222327
57354594
55036517
57925046
52748305
55295502
53606331
60616455
51755880
63849305
129753434
86587196
49995883
63048026
58924298
60732509
57887925
51517374
57603766
56742754
54678970
105537145
82978027
49205697
52908306
54431931
55737529
51199508
120062993
125936905
50840255
61381895
56025101
189275918
49181804
55249849
51156414
58747658
48759404
50183189
49520150
53506491
57736886
46778393
55025850
46982767
141508086
51007508
56288782
58875658
54367077
55216996
49114817
49877270
174026017
49916950
109233354
49417750
93136520
55686756
55766116
57638326
51381267
53301265
-----------CASO 9-----------
55566435
48415084
153159910
83303574
60711176
52198760
53289319
110537672
104185467
86872209
106182691
114351641
59936777
51434600
54841530
49401964
157733772
51718761
56992354
56269581
60517469
62433200
109440713
57664353
157288759
93439027
57623392
75493024
50978495
54310331
176289054
59043338
53263291
57070007
50054763
67578794
57605046
52030654
52521320
56848567
48582765
67468714
50006122
49401536
56728674
49658816
46519408
48773058
82393921
67316820
57964726
98210008
52002920
51212734
54018491
64693677
54844517
55660728
63010906
98000941
58883338
50584255
57669473
50716095
53320465
52702226
50340202
47991832
53940838
56971020
112616389
51268628
55255396
66856021
53275665
54841103
55139343
60501683
55515662
52163346
-----------CASO 10-----------
50326976
76956488
78309446
50208362
51945747
54549690
54092304
90219405
55684195
62442587
64121091
109535006
110505672
57183927
49175404
50353003
127279624
54345317
54558650
55775929
49729216
51202068
111103004
56595981
59488778
53872571
49787669
55207183
58037686
61678001
55006223
51595454
49919510
107909409
48011032
52043453
108547274
55909901
180565956
147213038
54036837
53311505
51918014
50196843
49249643
57254753
61467228
50657641
56831501
53653692
124324961
52251666
51950440
52224786
52725693
122055097
91213110
51941481
59643657
122973282
126588424
154234256
63876185
65843543
59283551
60694109
50464362
59777204
56105742
47642392
52168466
54074384
50895295
52319506
54951183
52203027
129132208
52261906
51152575
48859671
