-----------CASO 1-----------
102620029
186324241
197595480
107382476
127812957
106752290
109374580
204603471
146746692
101179604
98308994
129736794
115248492
101551657
102046589
116585664
116345451
128749062
120785765
148333891
216249323
109925406
152187539
120257126
152842471
164605656
139584674
176514334
238882681
269786108
116801131
113252548
125240160
117357077
188062053
155993400
108280181
111562951
146216346
124090721
103623974
213914180
139510008
149928768
150925887
113089135
113694147
115204119
122302137
113921134
127025758
108630474
387839504
111166578
128512689
111390150
111521564
113367748
113494041
107171276
114926360
100338645
212064155
105884451
116269505
106926370
199483905
121601977
135559507
116764438
128675675
104495226
93131828
111834737
202620327
111335965
192142261
185672722
187600400
139539448
-----------CASO 2-----------
167021866
164702083
123784375
101787603
100938110
118222782
109489780
182911339
189757197
97949741
108785354
145520881
201727742
167035946
193751646
204213925
201305769
133136043
136592038
136792999
170491515
178313585
279687322
288422457
242756382
250777706
263485102
238353188
189010958
204420005
204646565
228862427
137452624
143129844
139806968
157807585
149483755
153805030
150669033
155003961
157373666
111707163
112081350
124102241
104034427
124572001
116200811
212993860
191361888
263618222
125569546
124333921
114799639
111237831
202292221
271572132
137176571
108739701
116226838
113015322
139768995
130168154
122346083
104286160
111834737
151037246
107623543
100764031
117761982
122846563
101287123
104626639
116211478
122901603
99167020
105372452
111845403
127631624
210406557
101912190
-----------CASO 3-----------
104224720
127823623
96612996
111010418
110939165
208223733
218001641
118492435
99702913
114996760
113383962
119030034
119566780
152988391
154750095
119748113
111870150
104138533
108192715
183678058
106611490
110695112
155724174
133825962
104637306
114647320
103679867
105954851
101507710
102421629
115630359
111516444
103613734
80739737
130857645
129742341
116555798
117655742
120642832
122821390
113279855
119239528
95126065
150293141
194540124
161561393
108662901
110848285
134782121
153050685
106855970
148391916
98105474
122005177
121320805
113455215
117604543
117463743
120798992
109311433
120019046
104157307
113645934
215821377
133113856
106380664
103636347
101759870
118517608
190249143
224221154
112511429
124590774
115370092
116497771
103944401
106560291
102454055
220445158
200661929
-----------CASO 4-----------
103157628
175666975
105764985
111335964
107086369
104538747
106259491
105206905
170107089
110316659
97794861
134733054
152209298
203547899
174954016
105360932
116436758
107901302
98480087
96245210
106262904
117347263
117302036
147730584
119399954
103262588
109902366
96390277
158744117
160512648
107230582
114002627
120437606
104446160
100211925
145558000
126165599
109331914
104542586
99925205
100102272
178411718
106162210
107478049
101887870
174351990
172517326
102626002
125963786
125320800
96781956
102046589
100718378
110974578
98109314
101130963
104646693
145534534
200189184
220330384
299835349
102189522
104006694
126757811
111095324
105187706
109587913
101356670
120492646
101674963
108579275
151719059
98984833
108422688
262418011
129649327
137384785
177281906
140107341
263494917
-----------CASO 5-----------
123429389
122936589
107861195
106374264
115809132
160529715
190709516
201029716
130023941
180632942
103053522
100988457
102401149
107812982
113108762
106911863
108666741
104059601
121006352
168907304
200611583
374426400
214266179
120913339
148269463
148004077
147765997
100303659
109311433
116904811
109030687
231103705
188652558
136196945
192414047
188818958
181055342
110175432
110204019
109763699
129424901
172135886
101442857
115953345
104037414
174823456
187294053
106946424
107583436
125452213
110222366
112247323
319324178
292528266
108091168
106928930
114497987
157873717
185795602
210914717
123415309
108185888
102073043
110350365
102086269
103573201
109958259
98617901
115876545
117153984
111039857
104562640
168778024
111963590
102928935
117435583
99630379
107031756
237672229
165506775
-----------CASO 6-----------
196573188
204030459
135723346
128457222
166702720
162932698
105983865
187649893
157431692
163123417
134993321
173546444
122883683
117492756
126546611
105456505
101610109
105087865
224965258
106628557
113468868
120887312
111164018
103774161
101932670
118350355
194610951
195618737
99204140
103178535
108573301
166657067
177732465
102834641
102195922
100426112
175404149
221815183
98361901
109110900
98530860
116229824
120389393
123095309
101884456
108908661
273173837
118187795
272055545
189312184
155354681
111594950
111910257
94363186
106922956
636992038
104537892
116950464
102874321
121005926
160304861
118698942
101971069
107652129
102524455
107951648
112870683
100214485
98883713
118930195
139660195
123458829
107081250
101572563
94623879
105242319
105369892
108343754
104351013
209056586
-----------CASO 7-----------
101888723
104399226
151370047
149983381
102559016
107923915
104772986
102724562
184337684
115392705
107941835
110373406
100691071
110934471
101160404
103920507
100510165
101966803
106909730
105692878
112225563
111529244
95481904
116421824
101141203
102579922
105916451
99030487
175001802
97300782
151060287
230014852
122072164
116326251
126247518
145159068
113857561
107452876
124249441
124148748
154077243
99379499
107178530
97050756
107731062
109736393
98718167
101506003
99478059
125307573
289184910
165040855
104265680
175485642
142630644
164698669
160098355
107781408
105537145
111476764
103050108
133088256
112453403
112792176
163376857
108499914
103487867
139472888
127040690
110159645
105980877
98823981
101150591
177986332
147300932
151329513
151037673
148332610
149388182
109671113
-----------CASO 8-----------
169011410
120301926
106180131
111907270
173264419
167179732
128360796
116981610
111929884
166062721
99402113
152878738
131615832
186928827
95375664
96178650
105064399
104553253
167641386
97900249
106450211
106877730
112129137
106360184
98587180
197807534
112485829
188435812
324709131
186634001
118465128
111893190
115134572
109159541
145998320
107250636
114735640
112997402
192062901
150037141
95300145
99396566
104834426
103479760
107010423
120522512
185173949
187754426
174505163
221314704
208192160
208463520
101322963
110857244
102516776
107696076
98746327
177027613
169086930
103577894
109285833
98954113
109183007
184920083
124791733
108116769
105450532
110023113
106544931
107434956
111789937
201871528
167483093
161754673
183606805
116749077
116977344
117990675
106332450
107653409
-----------CASO 9-----------
114208707
111215644
114532120
226828936
107455862
97810649
110891378
163808217
173697485
203816273
108138955
173850658
230218799
107259596
106390904
114437400
108503754
193726899
192675594
124124001
134284628
134299989
118087528
218225641
102407122
166415574
161674460
119286888
110425459
98677634
132676097
227746695
182763712
218633960
112648389
95784837
115457559
106553037
111271111
101785897
101145043
118495422
120942352
99218646
105954851
101195818
104152613
172086820
109066953
177528946
116782784
105544825
148871489
101528616
113187269
106407543
135091453
107610316
104614266
119222887
155280014
163893124
108127009
111166151
150058048
188168719
103961467
103467815
104537466
112993135
147915330
173775991
97416835
176047135
184949950
107573196
96618543
170187729
147394798
104111653
-----------CASO 10-----------
110232606
110410526
109212874
99120086
105030265
104444453
109906632
163803097
217616361
205810083
206033657
186776934
191652875
196417882
135821053
105037519
105550798
162614832
163677657
102887975
105915171
101699710
377893063
430284676
191946421
147108505
180119236
123493815
123520269
126273118
101292244
100228138
100938964
117907049
173101858
112716229
120565606
191681035
113465028
97361368
104259280
115546306
102032510
102858535
98272301
100218752
112490096
130736473
100986751
115522412
108760608
171001807
104643279
131318446
130606339
133308416
203856379
143248883
106633251
117806356
116242197
187648186
170971088
170835834
117114730
117188970
112821189
102474108
103729787
107352183
173234552
176415774
148896662
106289357
105926691
103692668
167809919
240069666
106172877
106478370
