-----------CASO 1-----------
522897
578578
538257
513937
870427
-----------CASO 2-----------
694422
656021
601619
663061
579219
-----------CASO 3-----------
550418
602259
553618
1027873
585619
-----------CASO 4-----------
1756856
496656
632980
575379
575378
-----------CASO 5-----------
635540
483855
695062
577938
619540
-----------CASO 6-----------
646420
661781
677782
614420
560658
-----------CASO 7-----------
1086115
772504
552338
753304
689302
-----------CASO 8-----------
574099
547857
594579
575378
681622
-----------CASO 9-----------
923550
628500
628500
581139
535057
-----------CASO 10-----------
895389
469775
588178
622740
614419
