-----------CASO 1-----------
5615540
6325322
6096835
5849787
5765944
-----------CASO 2-----------
5981632
5762744
5872827
5786425
6081475
-----------CASO 3-----------
5966271
5865787
5867708
6054594
5854908
-----------CASO 4-----------
7101028
5807545
5841467
6581971
6400844
-----------CASO 5-----------
6736216
5828026
7048545
6175558
6551890
-----------CASO 6-----------
6258760
5516337
7118948
6060994
5818427
-----------CASO 7-----------
5682102
6200519
5956671
6743256
6202439
-----------CASO 8-----------
5831226
5895868
5781945
5738424
5793465
-----------CASO 9-----------
6154437
5679541
6820058
6041153
5888828
-----------CASO 10-----------
5936190
5847867
5964351
6794458
5812666
