-----------CASO 1-----------
54900410
103255334
50879082
164051417
52888679
53481318
118651155
59863390
53811131
50746388
57931873
46450714
153949670
47802819
52245266
52197480
50115349
52850706
69543164
112595483
50899135
64675331
50958441
135876093
135514280
56732941
56243981
79843738
67736660
54326971
201932115
51950013
48770924
59881737
49545323
51842921
49903722
28423217
476147017
499736960
49864470
113168068
50524522
499919573
1389348621
60005043
49576470
49840576
52663826
452133822
811046642
109874206
50276629
123459682
53765905
7213217
727191389
46323141
58342325
54830009
49299990
60617736
49379350
623383949
25187808
58670432
591158284
89110499
51259668
58770698
55170916
51681214
58149046
137248678
54676410
55149583
615073773
113939907
55470862
56697101
54857743
139810807
59157257
53838865
65645570
48961217
59784030
64581464
77347741
48044738
47632152
85005544
150023488
52829799
49026497
56020835
73976652
107425996
64493144
55755875
50433216
49471083
48195351
49795776
52700946
60402269
54633316
98221527
93280734
49769323
78930672
50582122
50290283
49849962
66282582
49273537
50964842
49897750
82030402
61584561
75304864
456424803
129488474
51935507
51749480
92432522
106818850
49992469
48110445
56048142
51631294
106354211
63052719
77082782
55155983
136493478
117110890
47436740
47914178
56897207
51688040
52813159
135307346
52310973
50143509
51356947
158337078
492691423
50335936
55180303
120391953
64238424
55577102
56235021
215186925
50427243
46415300
84924052
422739512
51009214
51063828
54151184
107867595
46774980
55295929
68229886
65148930
49223617
55546382
54165264
50467348
55949581
59235764
335045971
155112334
52843452
49893483
60922802
51382121
53638758
48322071
52071613
192581300
59086431
82285121
60278536
60677895
50698175
53784678
55070650
66977621
56151395
175997642
54932409
48444098
61554694
51557481
50782655
48936897
46916633
53305532
48597698
53173265
51947027
50222015
57578166
95168305
52572946
367928702
78132807
65783809
52732093
54387557
46915353
49870016
98724994
49547030
48746178
50961428
49890070
51103935
71917561
51212735
88241380
375857012
50362389
170943354
56068622
50329535
81141229
47981591
51386815
56485048
49906283
49947670
61684401
113103215
69302098
71532282
54757050
99305260
103103442
52985959
49267564
58947338
53585425
85186450
54332944
58088459
51788307
49552150
49854656
50834708
57710860
47340313
49161324
48763244
51789587
49202284
89578979
54232250
55980728
49407083
48195779
47306606
51317267
49815829
58888031
52431720
46426394
53686118
49817537
48907457
54319290
51880467
308498805
49333697
111440497
47425646
48754284
95451185
48618178
48301591
49525696
50981054
56458167
50113216
99445206
125697545
111720817
91075723
47507992
48154392
62471600
58073952
52489746
54948196
61654535
48789270
317025301
62409733
81599895
48786284
49127191
49818816
49696363
53299132
54364091
53107132
105551225
48050286
49654977
58369206
49281643
406975479
70709242
50986175
47016473
53023078
48869910
49864043
89117326
93533320
71005349
52171453
185312190
119548433
54590650
50381162
57872566
51892840
54179770
64899756
90678498
48380952
52397160
119528380
57651980
50411456
47650925
102043176
123432802
56068194
56525155
102742908
47714072
257357324
49077698
52001213
64290478
47989272
49877696
47750339
49865749
48687297
61073842
116016918
49433964
50493802
56188942
57958326
115420012
52530279
59058698
55146596
56674060
48858391
92197855
53027772
120962405
53387878
49238977
54782223
66815488
103222908
106663117
53858918
52363880
48138179
136990971
56727821
116971797
49308097
49418177
50892735
48951404
53110546
64842157
90652471
50505749
49802603
317010794
107995595
53061478
69052925
61134428
53327719
94765958
52059667
47371460
-----------CASO 2-----------
73654946
53510331
58748084
82690454
51028415
51524201
126919518
59283551
51549801
118788968
58740831
55735396
50810388
55897955
62567600
76578889
280733508
71311696
203379793
203279527
129041328
70481403
117949715
57080246
50972522
52663399
48986817
52562706
48746178
46376900
52194067
49184790
51932093
96342917
52185106
52625426
50230976
54116624
55481955
68335272
47958978
51624894
50242496
57640033
49903297
53462545
57563233
56527288
52453906
49083670
50891028
52089960
48506391
67619327
48671085
51667561
52481639
65236397
54165264
49985643
52946705
50856042
49586283
57491980
53661798
49747563
52681746
57245367
51011348
52619880
55647502
80816536
73459106
55769529
65365250
61812401
72019534
56570381
91926069
50617535
66964394
61111815
50015509
51618494
57840992
58271499
57619980
68951805
55549796
49984790
53366119
65522689
49919083
60222643
94996786
79864644
90594017
47838232
49332843
90257804
104116773
53674171
120982458
100243071
47825859
141395446
50475883
82145602
57490699
48710765
51875773
51833960
179330331
150925887
50762602
68110420
49992469
49785963
46888047
47900099
54130277
51602707
113569561
58633738
50635882
52607506
59675230
58249739
58558645
58712671
103803601
47845912
79679472
51685907
59317257
49260737
98251821
51243881
49631510
81148057
50352149
65771863
121443684
60333150
273216077
191346102
52814866
55161956
62948613
155933667
50537749
53050385
131548844
66170796
52822973
51330921
147831278
56514914
62251013
52734653
114112280
93448414
47623192
54452837
46451140
49544896
49526550
49127617
55371875
175684042
49352470
59426910
75080010
126193758
50978069
122815842
51990120
78226673
50166976
50698601
48774764
55158116
47738392
48957377
55733688
50835135
46943087
46416581
51968787
52725693
54154171
66305195
55226809
50725482
47934659
49589270
57848246
87731942
51830547
188556985
266598485
51991827
66399061
51903507
50301802
52313960
51789161
99284779
75929930
48233752
116998677
63700399
51226388
89677538
52091240
50662762
49366551
46722073
49603776
53302545
50928574
48564418
112272070
48459031
62657627
51518227
54004837
116900970
49838869
52486333
48945858
54766436
52932626
59459337
61303389
55408996
51496468
98006061
55033103
48578071
82396482
51542120
289094457
167807785
53765051
55382969
50372203
53361852
46801007
50050923
46273647
50694762
51721748
50803988
50918762
73960439
53524411
50379029
46241221
59849310
55712782
47221273
49430550
55074489
56388194
116256278
140429047
91551030
71868067
104902692
154771002
50532202
49427990
67109034
91066763
49198444
48990230
53533798
55939342
51906493
58306485
46436634
50696469
54598757
47308739
51144468
196841561
49954069
108148769
56034488
48490605
55769955
109430046
47485806
138480462
88158180
60060510
56825954
46943940
156775479
121004218
51987134
102399442
52691559
595578971
55644515
53224038
50372629
47338606
144003229
99528406
49706177
50893161
48541804
58924298
89689485
49431830
54846649
48557164
107762636
56560994
242377077
235016659
50000149
50349589
46003141
55621475
56737208
157514465
49270550
48865218
160690994
193984179
50242069
48764951
48112151
114623000
50083350
51818600
118361022
49456577
102206589
59720031
79082138
422712206
116190571
55029690
49218923
51439294
55024569
48480792
58144779
49201004
52876306
51919293
47379992
52027666
47091993
51682067
228485254
53274812
89448846
52070333
53931024
83348800
48405271
51260521
53447612
172700792
51544681
52599400
51494334
101332777
51621481
159231369
50949481
50390976
52696679
49778283
49822656
109869086
51119294
54725904
46574021
48940737
57981366
59098804
46512154
61302108
56598967
95462278
58624779
51267348
97578542
57888353
60636083
66790742
48406978
49142124
49902443
-----------CASO 3-----------
53688252
62204080
73527373
86380263
51627027
129435568
83385066
611354097
61902854
69526951
157316492
56735074
66764288
115835585
52755132
55883876
51019455
52726972
528246363
66684075
51391934
69435644
58728031
265198594
51391081
50343615
47645379
104801999
50336362
72480334
51355241
56132622
55607395
157811425
78775793
63282693
62832986
158294411
59147017
52454333
51266067
51298068
48685591
54783077
52904892
67304021
50518975
67304873
103341948
48444525
51132521
111482737
51597587
121165925
46323568
103163174
122190777
55958541
49736470
55705529
54763023
128794289
175143882
57463393
65486850
48470125
58950324
52153960
46649967
53517585
51744360
98665260
49169431
113651481
53914811
146718959
65198423
71604389
55278436
65788502
60345949
171364901
52998759
47469592
115040706
49515456
47780632
49462550
116625344
107029623
117989395
50491242
51671400
131623939
85029437
59304884
127088477
50695188
102040189
59539977
57811126
52018706
54873529
52927933
58591925
126238985
54140944
52685159
131814658
52096360
61525682
50008256
100075392
121162512
51603134
48174872
53204839
57349046
60799496
56558008
135104254
50320148
186308028
50340629
48091245
50762175
60304990
51215722
49515030
50406335
53428839
59715337
61897308
54576997
64851544
48586177
49792790
49694657
60336990
68639485
233920554
68987218
76479049
71929934
53486438
79710618
47860845
53698491
62594480
54169104
73095160
48529432
115002733
56441528
53853371
48118552
52119400
49331137
51073215
50308629
49532097
103386321
51119295
54686650
48659138
89963405
50010817
57708300
54687930
138456996
57166434
118876008
45832048
133961642
58385419
94554333
51513961
50017216
47955992
47992685
50669162
52495719
48863938
76599368
138707449
53372518
46934980
51660734
53408358
48155671
48429591
52250387
223029048
50122176
56807607
11324999
57674593
53721104
47856152
49473643
55276729
46468634
59293791
74570998
51655187
53461265
51586067
52271720
46569327
60108296
53817104
57703606
49093484
47465752
217072788
67704233
66823168
136270333
48282391
54910223
51486654
54053478
80933870
107236129
132083884
66335915
55471288
53794492
50702868
50263829
52883133
52976999
53428412
47592472
49885376
52427027
52192360
54315450
53582865
117834942
47861699
53797051
51176895
55057423
48029379
59904776
58605578
191914421
50702868
55900088
53852518
53991185
50163562
48800364
56114701
51411988
53079825
119564647
52287080
53621691
50628628
361334151
47458925
53184358
53386598
47934659
49206124
143191710
46882500
47083460
51657320
192656820
133531989
56599821
56346381
49963882
130015833
51061695
106329891
50302655
191195062
50539029
52001641
91665802
58483552
122219364
64779864
53013265
85391251
54891023
46594074
53317479
50225002
55631716
53403665
51261374
84970558
56430007
53772731
65451009
55242170
58390965
58331232
47748632
65867009
50231829
66717355
62967813
54336357
60734215
50746815
47194393
106291917
71926521
60475229
46670446
52333586
49829909
69336658
50924735
76889501
64064771
47582659
51202495
52435560
52793106
62076934
62594480
48144578
49379350
130594393
51618068
56620301
52596413
80797336
104361680
51744360
49674603
68032766
59830963
149560982
55318969
56102755
264342702
344747079
103297148
48661271
134184789
49541056
56175715
47714499
50741268
128378715
118244115
48248685
51608254
51597160
61355441
50186176
81707416
51726440
49875136
105487652
56542648
131190446
50492948
47289540
47923992
134084948
53024358
47824579
51694441
126431411
83392320
50112789
51479827
62567600
54345317
59654324
54955450
48197912
53291878
50322282
55947875
60322909
49752257
222303715
57731766
54027024
48314818
61127602
46104261
77542728
50186175
53905425
143521096
52051560
51573268
120558353
54277904
-----------CASO 4-----------
50146923
53285052
48981697
100661631
126946824
52984253
56624994
97827288
56687714
51871507
105638265
49122924
56706914
52709053
55989261
46774127
123352162
52517906
91709749
52291773
218690707
52711612
52581906
58903818
54912783
51860840
46190874
50821481
49819670
49482603
49583296
50815508
346870169
47740526
51350975
123276642
50808255
49227457
53004732
56230754
51056574
48022125
50611135
50682815
49665216
48758124
51507134
50561216
47138073
54190864
53934438
49723670
102692135
52043027
58825312
48709058
55787449
50934975
46833860
50802708
48889964
47882605
91489163
57913100
50350015
105057572
117289236
47182020
57460833
113450095
50765588
49128044
51894547
47412846
55406863
51809214
55158116
54467771
51833107
49635776
50835561
49583723
268289363
174613110
53913531
49206550
56378808
72657400
107985781
51535294
51763134
55752889
58965684
50920468
51304894
52828519
53657531
79385925
57683980
269204989
86456636
55596729
51573267
53552145
82140908
51724734
55694435
233134208
50242069
50528362
125697119
53024358
51721748
101473577
52172306
51500308
50274922
50629909
58273632
52476519
107254476
89881912
51077481
135761319
176696521
119997713
56562274
69812817
50020629
59043338
48898498
107466529
50641001
61401948
80296430
49138711
54500624
51687614
45724955
52792253
54870970
60414643
54894010
53917371
51658600
52503826
55047609
56723980
95753691
52941159
61077681
53192465
88861326
53499238
184213951
50795455
51135934
119711420
49631083
69590525
109997939
60619442
56417207
102818855
60608349
57201847
50371348
46950766
51810920
74705825
46875673
51189267
56204728
62161841
93518813
50874815
50771562
55473422
56675341
47152153
100847231
55211876
49217643
53008998
57211233
65573890
55920142
49645590
47678659
128909915
52703506
54848357
106577783
52830653
49344790
52867345
51742227
58313739
50918335
435865896
57207820
50940521
46992580
54490810
56420621
99994752
53320039
47507565
46912367
86567995
48905751
139396515
49741590
54324410
1186442855
826890462
117235050
47984579
242281930
243644702
161162887
68276392
53733904
55203343
149518742
51365054
166166827
55983288
58208352
121068218
54554810
134860200
126275252
125908319
64011438
79403845
66032556
464601859
60275976
426942174
366678998
73101133
55660302
69913083
59901790
55589049
61407068
497303683
749618240
82500161
161146247
376963357
61100721
66848767
390918326
65776129
97729155
75193504
86505703
128332636
56596407
58190432
56320781
64895063
61224028
56397581
54888890
171285541
72167161
51371028
92421855
373148962
87779727
111272391
56424461
420067302
162656219
38930724
202864380
236790310
79650032
360053726
257643617
88575034
217694014
182804673
84077972
143081203
81149336
86170769
121766671
83914559
54582544
48462872
61904560
90197645
50298389
51174334
68101460
171373007
49094764
48268738
70871803
54308197
50904254
51439721
56308408
97890435
52009320
130346926
117420223
52397586
46875247
49038017
53195879
46767301
52456893
51877480
50500629
49690390
50889748
48414658
51511827
60459869
51682067
55196516
64168877
47792153
51881747
50668735
75738356
53098598
84676585
67243434
53465959
51809214
51641534
113985561
91137163
53574758
21609359
49025644
79760965
54541583
52195773
51136361
93885320
109463753
104329253
55030543
54563770
49460416
49446337
76253343
51796414
117224384
55955555
51252415
51029269
53800038
83470827
162413019
52590439
102061096
50890175
49741590
48134765
49637056
59560031
54226704
48558872
55452942
67291220
57630220
47513539
50167402
52917692
244360647
98468568
91636789
61715974
50513855
50544148
58184886
53046545
47399193
47965378
48886551
52527293
49183511
53635771
51891134
319437245
107428983
53249639
51494334
48773057
53824784
50912788
52904892
-----------CASO 5-----------
99047553
52643773
51497321
52560146
54529210
55518649
86527036
53467665
55746915
56717154
60927069
53608464
48325912
108560074
58890591
57628086
55389796
52641639
61499228
49323030
63688025
65635330
58844512
431798914
106368717
52228627
53794065
56572514
56946273
54704997
49734763
139768995
47109060
46921753
52630119
50537321
47395353
50566762
90614497
67518207
96851076
64295171
54209637
59354377
47401752
86103784
52533266
59320244
53145532
58522379
54926010
112396229
48756845
49639616
61422428
53404944
48869484
71922681
49690816
49948949
55160676
54998543
106050851
51441428
48035779
49293590
48335724
50871828
54294971
54142651
49288044
49577323
53806438
48255511
106824823
48559298
48954818
50793322
51311721
106193784
50182336
50515562
56366435
62574427
110518899
53406652
107519436
47176900
51475987
97988569
62150320
62178907
48831084
54111077
49781696
54961423
52337853
62251440
58091446
65140396
53956624
81485976
62687066
58980618
50064149
65743276
57363980
59133364
74678944
77480434
52120679
91743029
68666365
55542115
56800781
52112146
51612093
63269892
51129535
60989789
50661482
49125911
61175388
50461803
47044634
138291877
84336106
52936892
80700057
116490517
49572203
51696574
53660517
58697312
51550654
147889730
51320681
57600353
54181477
108121888
49704043
54152891
51250281
113769668
55204196
52646333
50101269
82114455
51379561
56136462
54435344
51834387
105336612
51271187
55158970
71019002
45205702
56526007
109953139
54825317
59120991
52248254
51184574
68936019
57195446
50559509
68113406
51808361
55238756
50951188
56458168
139556088
50590655
51749480
57491554
53779131
52478226
50524522
50780948
55871502
54774116
67751593
75869770
52012307
50422122
57673740
57457847
82211735
53928037
48061378
58710539
59838643
50619668
54248037
51445694
48323351
50008256
47947885
51878760
51700414
61799601
56474381
55829689
51639401
53245372
51571134
52959932
49927189
60263602
51022868
50955454
50089749
50425109
63294639
55733262
56953954
60939442
57323020
46270661
54178917
86401169
63929944
52218387
51119295
47850179
57756939
49864896
63791705
48767084
51612521
49984789
55982435
49106710
50177642
60793949
61339228
50252735
77857180
54728036
49422017
47615085
55708088
49795350
49571777
49715990
53794918
50619669
47018607
91000204
48150125
48741911
48399298
52242280
51078761
50358976
52797799
49163030
55187983
49201003
53448465
47825006
53803451
55823715
57320460
59671390
51135934
97005529
53470651
50960574
49573484
54437904
53665211
75595850
49683563
54283024
50259563
47056153
51769108
53123346
47628313
49422870
67572394
55320676
98325634
50192149
48373271
50995562
54308197
52267453
47467459
49577323
50179349
57916940
54576997
57622540
49945536
65411757
47643245
53873424
47129966
47613380
50515135
51861694
51375294
52700946
49760363
45841435
48741484
51815614
73270946
55437582
49942976
114680599
49858496
53260732
55694009
112555802
52156946
52574652
66630741
93404040
51023295
71823268
52649746
51337748
154669882
54710543
108280609
74743371
58656778
46058608
50882494
48811458
104048934
100221311
58353845
56224355
50124736
45886234
73693772
46951620
227440349
66578688
50031296
46129434
48844738
47191833
62803973
52392040
51592041
81459523
50126869
57352460
55018596
48627992
46454127
187787280
51638973
52858385
49701056
47862125
87301861
55524196
73072120
50643562
54547983
55619769
49462551
72481613
48365165
53493265
55826702
126509492
48120685
51402600
48895084
48889111
61131441
49456150
61654961
52258919
55334756
51790440
109510686
54351717
60777735
63749892
54603876
52600680
62436187
52600253
124952160
51044201
50827455
50813802
50082922
55066809
59233631
49994176
174442443
-----------CASO 6-----------
70177190
82556908
53394705
59830964
56839607
68701352
51653480
52497426
51723880
134885374
56012302
49758229
58768991
54574436
230715438
54746383
54625210
56098915
66718208
56405688
56395874
55828835
55680356
61510322
128253703
49608470
52665533
53378065
49766336
148280130
48120258
51351828
48442392
50454122
48772631
50614976
79639365
47652206
51592040
93464200
48510658
49024790
1013641796
121419792
51663294
50929855
52296467
49192470
50955455
56629261
60720563
51059562
49184791
58230112
46149488
54448997
46281754
53823078
49719403
62029147
408199158
62295387
52257213
51875774
58784778
54611130
53149372
60777308
50372202
63481946
113994947
52895506
52299453
49688683
51494761
51062974
50299669
51605694
66698154
336526076
55298916
49945536
51027988
92514014
52968892
52226066
78400753
56391181
73276493
52581906
83525014
52196627
51550228
50176789
50741268
60726109
59306591
123138829
115113239
53449745
52040893
58817205
76611315
48485058
74884171
50553962
54056037
50785642
75704650
52920679
48347245
51527614
55237050
56292195
51357801
52507666
50207509
53101585
50770708
48146711
44947143
47131246
52618600
50917481
46643994
102772349
112066843
62399920
48268312
49198444
53104572
50101696
51493907
74009079
52040466
75572810
52182120
62533466
47973912
52531560
50548842
55189263
52309693
48619885
50033003
166774400
54460517
56082702
53790651
50630335
48011885
49106284
51271188
102023123
58026593
64209411
50874815
105733837
53988624
64480345
48141165
48617324
52656999
50626068
48991937
53579452
50461375
49759936
48123671
54027451
49162604
60549470
54016358
54468624
59185844
50877801
48821270
55257530
49531243
55328783
60585310
57596086
49125484
59975176
64439385
109427913
47604846
146240666
55762275
73712972
138452302
88352740
62128987
60220509
67769513
53992464
54724196
49192897
51769534
59163658
55731555
49276950
54690916
49080257
52533693
48580631
53686544
49413057
49913536
104959866
49466390
59072778
52646760
48665111
55274596
51459774
51140201
74866251
48493592
48811458
54904676
106380664
48388204
47283140
7882656
46834287
55481103
48057539
52182973
49180950
52843025
45724528
99746859
46038981
57575606
49006444
54716090
50110656
60772189
176306547
51219988
46125594
48230765
46128581
52159507
55717049
68466259
54179344
49666923
56740621
48220525
55277583
49447617
51060841
53774864
47437593
55729422
66248449
48218392
48271725
57727499
55198650
88774287
55239610
48214125
56133902
89646392
50975081
47913325
62262107
54539450
51406014
53176252
56159074
86178877
58591071
61048669
131946072
53547025
59625311
47855299
50182336
48937751
53797478
55453369
50006976
53800038
67734527
54289424
88563940
52625853
74122999
105503011
52586173
80345497
48031939
50606015
62235653
48377112
54005690
50339349
49007724
48955244
106373411
49286336
94512946
55136356
56563555
121982991
46879086
51519934
49269270
52076733
54482277
55593743
46119194
51109481
47772526
55784462
83016000
48587031
47726872
283391637
56049848
51251135
53006012
59113738
84877971
185520830
59834804
55353103
58525791
59275018
50504042
51456787
48284099
55801102
49141271
55672249
48653164
51388521
60168029
50622655
73706146
61523548
54247184
58228406
53692091
151782633
49449323
58995551
62401200
55914168
56287075
52442813
89523085
56457315
61467655
51824147
47297219
200294144
50080789
46492953
47935512
46962713
58753631
94372573
54433210
48814871
55214862
72158628
48578924
51469161
56146275
50494655
47407300
51394068
139663181
53163452
55770808
55004943
51877054
49199297
102820135
51870227
46787354
53417318
49496257
50976362
59158538
158124171
51357374
58997258
47627886
50670868
55869795
51388521
51964093
52258919
49203991
-----------CASO 7-----------
57661793
54741263
82260801
145286640
66646101
50952042
51423507
51903934
56782434
56736781
57361420
58674698
101621630
48869484
51718334
55696568
103801894
55049743
61716827
86050450
57448033
68461566
109700126
52813159
102458749
67814740
50754922
48491032
47449539
134867027
64794797
61459122
48531991
55137636
51836947
57435659
47788739
80959043
59504991
50803135
54842810
51988841
54992142
54064998
60706909
51780627
61997147
52407400
60670642
60784562
61112669
52296039
54126438
54496784
49509057
85632744
47648366
49483884
51166227
49463403
51735400
52851559
47969218
50398656
47332633
47993965
52694119
49845696
49868310
54931556
54835130
67817726
55736675
48970177
64813997
48936897
53355025
50533056
49697217
69835004
47981591
53831611
48448364
69263698
50014229
52064360
51272894
50179776
60914269
49113537
52718013
88797326
51249001
49305537
52012734
49864469
86615355
56508514
50542015
54433210
64539224
47912045
60990215
103189202
50689216
51451668
57450166
46850500
51851454
53482599
95450331
49875990
57691659
67415807
48171032
48577644
156138040
49183937
50717376
49341804
51697001
51269907
53094759
53171559
52727400
52655293
65026050
70170364
107835596
49608897
58119179
48355779
56169315
48561431
54937956
46740846
52817426
51654334
51858280
103110268
50644416
53206545
49941269
59180298
185681255
47244313
50636308
45806875
49065750
87879567
47441006
53339666
52157373
51367615
47723032
47006233
54795877
50963989
50990441
49215511
48558445
107205410
47455940
56429581
86026983
53808998
51140628
52648039
49199297
67027541
52399719
54661477
48775617
54008251
50673002
48196631
52056679
47718766
53325585
72490148
53534651
52555879
48577645
48790551
47524632
51066388
52616039
49427563
46205381
49486870
55961102
49020524
46712687
58008672
55451236
365274412
47638979
47926126
52266599
50776255
49982656
51018175
51990974
52596840
48858818
45971141
51901800
52421479
61746694
48370285
49840576
45546608
47700845
51857853
79981552
49419457
57691659
52827239
46029168
47650926
47000260
53287612
111753670
60101897
48851564
73909239
49846123
51020735
47845912
273658530
52414653
48371139
48543938
69022205
47682072
58987018
66351702
49724523
57665206
61809841
54985743
55656462
50250176
56101901
50310336
51837373
56171022
60634802
65824769
52777319
48961217
50873108
49820096
51405161
50586815
47135513
47532313
54400784
49906710
76550729
49689963
47845059
67063808
48484204
49541057
46691780
53367398
48323778
49545323
54097424
47189699
70472017
51408148
59422644
48648898
52246547
49055083
52361320
48127939
69271805
73137826
50553109
49476203
49168577
45895621
49933163
52207720
52935186
49345217
49080257
62765573
50015510
47186287
46893593
53410918
50493802
47737539
51652200
47021593
51193108
46353434
49177963
62716079
53174972
54364517
51121854
54345743
51344148
60482909
61940401
51357374
59760563
48166339
51723880
59360777
53623824
94309426
54550117
50525376
46888473
51434174
47606126
49765483
51222121
134160468
47327086
47805806
48878871
56677901
54815076
50999828
57968992
53177532
54884624
113740654
60341683
49069164
47923139
49189057
51026281
51986281
48150552
49905430
57168567
48167192
49510336
45706608
82683628
51047188
54240784
52817426
52054973
46357274
48831938
49955349
54260837
51688894
48755991
59930377
50034709
49058924
69195431
52753000
50955881
106981837
75282250
49704896
58838111
54498063
52767506
52117266
87164048
57073847
49010284
73613133
49593963
50745962
49311083
57182220
49469376
51717481
49913536
52461159
48503831
50352149
60226909
52914706
53708732
56989367
53102865
49994176
52041746
60066910
47511832
50358549
55726435
54701583
48814871
62440880
50326976
-----------CASO 8-----------
85687357
52072040
65048663
47237059
51725161
94309853
53473638
58559498
51787027
52854972
56985527
49824790
49453163
52662972
52436839
51374441
50734868
104900559
57675020
106816290
51180735
129587887
73653239
54690917
65128877
52636519
55084303
54461797
47430766
50716948
54563344
141901899
82723734
47486660
51494334
46404208
64094211
58099552
52261907
91823669
46799727
60973149
49768043
50301802
57116514
51322815
52459026
64861784
55610383
56949687
49995456
48418498
54815503
50728469
75683743
80985069
64377944
55795129
51417535
49709163
60012297
55341582
56418488
50523242
49040577
52039187
52431293
52618172
58928138
51967933
48543511
50023190
57217207
47613806
53069585
66277035
48924098
50974655
51298068
53275665
47564313
105072506
75871050
64431278
60915976
49878976
274799008
75012170
48586178
63173892
50320149
52010600
51639827
47013487
62371334
50225856
46707993
51737107
56309261
59159391
51878760
46945220
50876095
66200236
50571028
53046545
53023506
49352897
50128575
51890280
50191723
95001479
50120896
49392576
57559393
55431182
54745530
52557160
58724618
54245477
49814122
49369537
97755182
49383616
63429892
50398656
76502515
51782334
49459990
57488993
48931351
52220093
50857322
78332059
54078651
49311510
58058166
71189242
49644309
46771140
46597487
61971120
57400673
58219446
49818817
49564097
65937409
52223080
55182863
51292095
55387236
364561880
48200472
46554821
68539645
72670627
70905936
48012738
51468734
51876627
49291883
49859349
47682499
62001840
100996564
69829884
49281217
47467032
52073747
50254869
50519829
47452099
45858928
47976898
57935713
53689105
56911287
49788096
52941585
58302646
51254548
51975187
518999655
53487718
47135086
66849621
53024785
66377301
59292510
52537106
53058919
54701584
54186171
50554388
49555989
51071934
50741695
49042284
53349905
53704038
52256360
48546924
50400788
51549374
71911588
73546146
469101479
71623162
52894225
111658950
49224044
55869796
82738667
54409743
73685665
48358338
48505965
49226604
48473111
124652641
49959190
48593005
141935179
48977004
51627027
215896897
50359403
54683236
53710011
51414121
50792041
398159704
55447396
50978068
59745204
64831917
50844521
84438505
52075453
54387131
24090849
847658435
49815829
48568685
53590545
60007177
53694651
60004190
50397375
52332306
49102017
54094865
56055395
51300202
134824361
50908948
78688753
47604846
55086436
98275715
62160987
46811674
52437266
57695926
63289519
53533798
61250055
66713088
50377749
52068627
54610703
64140291
72230734
53474065
56815714
59892403
71008763
47692313
53904145
56015715
51758441
51628307
61362695
51095402
59206325
88464953
51927827
61244508
47531032
48236312
51033961
97448835
51045055
52656999
57878539
67436714
51556201
50501909
58028299
48020418
48990658
50239509
50510442
51504574
55024570
149258902
53220625
52746600
52109587
60631389
52407827
48455618
53955771
50422975
48499565
53031186
52307133
49788096
52143719
112684656
62903813
48886124
60417202
48173591
52555879
51250708
46342341
48129645
50990015
57038433
50167829
52170600
308557685
49242817
54472037
47621486
48483351
58169526
54379877
63943172
164312536
48829378
141807606
47405593
56673207
54693903
56444087
53404091
47545966
49705750
50381163
52314813
76741022
51435881
48917697
45895621
47883459
47212740
47283140
107310796
47724739
50373483
91976415
53158759
48193645
49195030
49308096
58318006
49849110
51767827
115690945
50484842
51243454
50349163
50593215
52162494
47013913
48317805
51327507
49335404
47837379
46545860
51388521
53195452
48383511
50159723
51648788
49614444
48589164
72704334
49537216
48433858
45844421
52661692
49206550
48287085
52171026
50145215
46463514
53963451
-----------CASO 9-----------
53550438
56464995
58611125
56702647
52769639
52875026
62396081
50495936
54248037
50233109
64599384
55823716
50814655
49771883
50779241
53957904
50762175
50796735
91898763
48779884
52690706
52774759
49721110
51787881
92718388
60061363
57814112
138766329
59329631
54824036
58515125
56633101
50771989
47050607
48778604
51087295
72505934
51251561
52315666
52456467
56327608
49173697
49118231
53312785
55016890
251308478
46319728
79454192
50504042
83072747
53541905
61488135
50958442
61026482
58773685
197719641
60728669
50261695
55389796
127952050
86115730
103009149
106046158
93357107
170719781
53314919
58614965
50559935
50016789
46753221
49352044
50936681
73116493
67714900
53049532
57613579
56144568
50686229
51511401
54501050
54208784
55877475
55074489
55184143
64648024
397690797
74912757
51257107
49219777
50769429
47919725
49384044
49277376
50665322
51109481
59207604
57145100
52280253
89732579
56088248
52704360
181265261
50357696
50900841
57795766
69579431
53478332
51173482
65401090
51415401
53962597
51129534
51167934
308786804
47369326
48884844
51569854
48384364
61532081
49934016
52569106
51444414
65948076
47838232
46792473
47719619
48700951
222301582
57264566
50931562
78469019
52815292
53139132
49442924
50076522
112772122
50897855
50102122
59777630
48764951
53847398
78907633
92447028
61424988
56652301
48341272
48967190
52006334
89764579
49472790
74516811
49692096
70395643
46816793
53584571
88856633
49916949
54662757
59917151
51288255
74966945
56755981
54685370
48798657
47780205
48571671
46444314
52529426
53170705
66547541
52620733
53211666
58991712
47937219
53581584
54151184
83941013
45959622
48664258
50906388
49183511
59625310
49982656
55399182
48906177
58642698
53584998
57616992
49552576
52433427
47945325
52781586
48052418
56324194
50277909
54260837
61305094
63693145
47659886
50866281
62304774
53189478
50687082
49724950
46251887
64484611
205194404
49028204
65325570
58168672
52242707
48205591
50181909
49468950
52752572
50853908
58940084
50864148
49867029
300276522
49739883
53392572
73101560
84511892
51923987
85316584
53661371
126720264
50743401
55095822
69188178
66920021
52985533
60203443
53626811
57116513
54512997
106074744
54332944
58104672
54913210
51323668
72557134
53597798
53568785
248495896
50312896
57147234
54322703
49280363
51635560
51303615
50815082
47445273
50241216
59496030
47725592
273679009
53279078
65996715
55016463
53544038
57390433
52116413
74430625
53435665
57599073
62181894
50408042
50873961
170502609
58918324
49535083
46673007
53825638
79903897
50602602
55763129
48930497
74823585
52464147
49915669
49919936
51737107
49626817
55155130
54457530
77351581
50645695
61771441
67732820
53830758
93842654
54056464
53433959
51814334
50134122
54042385
55096249
84664638
256679778
61096029
57907125
72706894
52951399
117043477
54808250
52454333
54595343
50591509
62644827
61369522
51033535
63182852
89029006
50081216
70749776
71973882
54522383
50046230
50930282
64520451
54143078
56104888
49814976
63190532
55834382
51527188
50726762
47209326
53756944
48401858
120119313
73528653
49546176
52353213
56320781
52127080
59406857
46809967
51849747
52098493
52511079
47619353
54940090
55634702
49842709
52608786
49610177
48141592
46952474
51397054
49115244
45704048
48962924
48410818
145738906
49658816
52316946
47528046
49059777
49349910
51496467
57550860
148112024
50001003
49874710
53138706
49268844
61075549
52659559
47500313
54655077
47341166
55304463
50653375
51687187
47840792
49543616
53684411
62985306
132448257
56616887
51774227
73782092
47545540
52280253
47464899
54189158
80142405
154945081
72195321
50760041
50834282
50829161
46513433
159077769
58785632
46567620
53645158
-----------CASO 10-----------
68117673
68042153
52449639
48827244
84718825
54499770
56480354
67013034
57504353
54894864
92664201
54796303
70376443
104309200
53032465
55519929
58366645
52709906
51843347
49619563
79653445
58677259
55696142
53909691
55688462
68368979
55167076
49237697
50154176
58138805
396329306
53369958
52245694
54540304
51522920
52539666
51036948
52242706
49949803
55160676
50002283
47854872
54498490
55080889
79232751
61254749
51414121
50062016
72233294
51135508
50593641
54306063
52435560
47679939
55958969
48383938
47431619
49362710
356042210
45265862
55976461
60368990
46608154
57011127
113157401
51528894
50295829
51523348
125679199
60080989
87061222
52377960
50091883
53392572
80975683
49048684
358064182
50049216
60142856
53534225
66323541
51882173
58487392
54866277
50545429
48695830
48952684
52872039
52392892
111259591
55427343
55025423
53613158
49204844
69931430
51819453
53258171
49590123
49550017
53680571
53771024
59708937
46641860
61186482
51264788
56389048
55323236
121410404
49192471
54450277
57547873
58288566
55851449
55799822
56479928
68557993
56186382
52874599
55686756
59311284
59234911
52926653
52057534
52788839
112390683
49256470
48854124
66865408
114770200
50916628
51627881
49411777
51772521
51291241
53777851
54263397
49164737
56757261
67188394
49330711
49782122
64548185
51722600
48723564
49909697
50030869
84170559
57818379
48596844
48255938
45868315
102937469
53419451
52952253
49079830
52627560
51197801
49527404
107565516
56004622
68712446
50324415
79359472
63656025
70160976
54721637
51868520
58632032
48852418
361540230
49032897
55091129
61989894
50713962
107150369
47670552
50287295
60880136
47352686
63854425
51508840
51763134
49486017
48418071
47537006
55094543
47628739
49920790
66683648
56193208
47960259
48767085
54107664
54493797
52876306
52985959
48379245
51121428
59484083
48388204
51027135
86102076
53462119
53520998
73154040
45733488
51280575
50309909
67623594
50851775
49685270
103324027
57541899
53831611
108245621
47255833
113415108
71246842
50596628
49256470
66784341
48782871
52189800
47323246
51808787
47938925
53187771
48594711
65141250
64106158
49995883
49107990
50836416
49234283
54860303
50055190
54108517
48224792
48478658
109840499
48258498
52713746
52061800
53549158
51226815
47913325
52929213
54546277
54383717
95585157
73678412
50204949
54068411
55736675
48896791
54633316
52063933
72698360
57895605
55000676
56732941
45896475
49125911
53618705
55912462
50596628
55246436
46629487
51382121
49234711
75282677
57735606
50519401
56136888
46598340
48928791
105785038
49800043
48913004
47714926
69917777
51781481
49529537
49780416
49839723
58405045
51508841
48441111
50681961
52643773
59472991
48515778
53413479
51215295
48271725
50267669
61931441
47798126
47623193
50086763
49024364
59418804
65542743
50545429
50547135
47121433
51870227
49920363
159127263
58419979
53503505
51031401
50032149
55104783
49024790
50343616
51892413
53097746
49769323
49542337
55794702
80858350
55942756
61460828
49589270
51349694
62351281
51653054
52443666
90713911
79400005
46692207
51033961
46648260
56683021
88191887
48051139
51601001
51278442
50717375
51087294
62754480
65329837
53961318
68408659
47436312
51091135
48245271
53056785
53070438
54634171
54070970
50546709
47209327
49313643
50222869
60473949
52326759
103474641
101566163
55234916
48334445
47346712
49814976
52783719
47633859
47002820
49482603
50449002
63758851
121959524
53997585
48319512
49764630
48386499
53654118
48497005
51150015
55531876
73096439
52109586
49133164
50722069
52215826
51667560
52632253
50751509
50809961
116689344
48813591
48278979
49072577
53801745
49974976
46870127
47110767
54702010
67449514
50423829
51264788
