-----------CASO 1-----------
105756878
162745392
159729289
265076141
284260330
188298852
131570178
103799334
107134583
102302590
134374228
135349160
180115397
123648268
121001232
122982670
101834963
159455796
102378536
158972384
154137830
195852976
226623710
113494894
236031698
154586255
192270687
122513763
133579349
143448136
138395129
111180231
109305460
257975136
102954108
114744173
106347810
773704397
160069342
767847977
126308104
102378109
58997685
104292133
69303378
1270824613
106329037
145085681
106284664
104438906
1025255221
123804002
181317315
145717574
108823327
758411403
688856718
74348705
154493242
125581919
551925907
163603844
114130627
883231723
693935325
112114630
282349719
519893948
105308452
168530557
113378842
115704172
145374107
165086935
176172148
165005869
370577445
409810675
273241251
129278554
126429705
117044330
140008780
151942633
164481922
119709713
213816047
113863107
139177209
194891697
102905468
128436742
114764227
154905402
104970532
118454889
126017972
509083935
191152396
108420128
116078785
192673033
123393549
100865151
124979893
222111716
103762214
114138733
109609246
186796988
191181835
137227771
152232765
140840352
103580454
120853178
105020452
144022856
133869482
125121120
305434062
359011807
291267467
120492645
111964443
155652921
143145630
174561056
105218425
161244380
108184608
128322823
197878360
112657349
121191951
327178248
109217994
105903651
103397841
135058173
107109836
157903584
138704889
124933814
103203281
103759654
116194412
692076341
102614482
175799668
109457354
103496828
105551652
141817845
275311008
104019920
100202111
127916210
112570736
166842240
115936278
136849319
105673252
107349622
128585222
142161738
229725146
104703013
123490402
115037719
125399306
157894625
104993572
199444225
171692580
115545452
102682748
168595410
105606265
128596316
111524124
103038162
116260971
163063685
100711551
127538611
134769321
111286471
176275401
114768493
105112612
114812866
399769515
106878157
139267662
100001579
180065050
115425133
139275768
133872042
119219901
99103020
405430521
174911349
114438253
121002085
125074186
169128317
583210774
106035917
128068530
234370687
116645398
103835600
163639684
149559702
104386000
105607118
115537346
103783974
98670807
150813247
102718589
287071633
115636332
105229519
260284680
207170295
120560059
117303743
97111342
272419918
120914192
105818318
294988422
106661410
641549685
113360922
115184919
121730830
105456505
152519912
115425985
109730419
113827694
108160288
407427318
156029240
101818323
105970211
107271542
104068560
231419010
110233459
109034101
106870903
103243388
113511961
106120397
102529576
445818736
112164977
108577141
106999329
106953676
109222261
104307919
104496080
151574419
101004244
125495306
173549431
223356301
122476643
184204564
282912491
107513035
107658103
103977680
106452770
171701113
103890640
104062160
99190486
106421623
99601792
149671061
118490302
634792574
100826751
119001021
114149400
102969042
185788776
220097852
105602851
206958241
140705100
112694470
142946377
274552395
106292771
104171387
220885904
101273470
113782895
108828874
114032921
108778527
160011742
102979708
115954198
99687126
110483485
514836248
182556353
239370360
107390583
119731474
100749525
263337903
101872509
100734164
198627586
159344010
100816511
238092496
209999091
175205749
165903147
121913444
159974622
172361166
161075421
101220991
188716559
105489358
135358973
103817254
124843787
253730235
103772454
252629010
164880429
168031785
123713975
180810009
413848644
102092243
104986319
159731849
116181184
103516455
119637607
101926696
120298086
139725048
264969901
128061276
117882729
105068239
173855777
102064509
111007858
172748579
105942051
98884140
216451137
149943274
115682839
194714631
205090724
172106446
101511550
130845272
206207736
104027174
108494795
115398679
153711163
112041670
104498213
187424187
160441395
146663492
109385246
104410746
105176185
110945138
103698641
106576077
294080904
108432501
113566575
252451517
158928010
108838261
128855729
218041747
170039249
-----------CASO 2-----------
156867213
128955995
130487300
124611254
147456237
115640598
274015223
131352579
119649980
106654157
112547269
116581824
104944932
106704504
253884689
144711068
129095088
121404858
151361087
199369985
186572135
160062515
197061721
116842090
143713097
110787271
102486909
116930410
141510646
131550125
114166893
105744932
110829938
155887587
99231019
117098517
110566259
106285091
135882920
106842317
223424567
269401255
126610185
129478234
158585823
109968925
101596883
178814917
111308658
113582362
109409993
108097141
126102452
129930074
240988278
109310580
103435814
109668979
102956668
104604453
217097962
107851382
103132882
189152611
107622262
213486233
155520228
148820289
246902298
107320609
110020979
124455947
113887854
113453081
111780977
112444443
149066475
106864503
117248277
267655764
113468442
113509401
309007391
124239628
116617665
114966467
225225952
221079610
167996798
111441351
144229362
257181964
113880174
120842939
125320373
110547485
111691803
103018535
139013796
113554628
186625468
105742372
170615248
166363094
110494579
106354210
104638586
99872725
107565516
139370061
141601952
165557548
146865732
409610996
124665440
149647169
104838266
100340778
110568391
151449406
142258591
124028854
118851688
102577789
108998260
114115267
122095204
115206679
118312808
106764237
479851333
127631196
213615940
100675711
178740252
100264832
151576552
104769999
158302518
104967119
114717294
101595603
106290211
152331325
207384908
155329081
101229097
103589414
105318692
221095397
109382260
106999756
114976279
99870592
106142584
106682743
187885840
114847853
104212773
109464606
104534480
104138960
111352177
108344608
146416452
102781309
132037377
103086375
166867839
339200419
412136006
213094981
116366785
102468988
182574700
144843334
119611580
115031319
110546631
103523280
101779070
153592977
110987805
131134125
309649950
108022049
104304933
179940463
102376403
101381417
105222692
137648891
100486698
203122940
162390832
126658824
103705894
113386948
103612881
411309980
137223931
103126908
104936399
104356134
102274856
211812849
105714211
101136511
128124423
108002422
153630950
184465257
108933407
191805621
96531503
102657148
123198136
106436984
107504929
105961251
196606468
104422693
156935906
105074212
195401564
173149218
129137328
109700979
119764327
113546095
106649464
107944395
156515640
221914596
108022048
108379595
100451285
129313115
100467925
104345893
106617464
110180125
124700427
155812067
177685533
115719106
103782693
165404802
113609241
166733440
147177199
103618854
110989511
109898100
101034964
468599720
111438791
102788989
120647952
200154624
98930647
188998158
159254410
140821153
105623331
144622321
272207438
313858585
158790623
125802505
108355701
111155057
111993883
115391852
112036976
153480763
113343002
109525193
114487747
101861843
111554844
107758369
137466278
104502906
101395497
105588345
133481216
114566254
139081209
102614481
100671017
137515771
111672178
103073575
106175864
384604948
138591396
102752295
99683286
101000404
187199334
110422045
141628406
113735961
175019722
103487441
431511767
105025146
106330317
99333420
153841723
95449904
257508790
174240630
104379173
102413522
108222581
99873579
111364124
107587703
148297197
115654252
165688108
108001995
97440302
102409256
109542686
105988558
101657897
110135326
155731001
291484214
115649132
136394066
104374053
161256327
103826640
107623969
108013088
175939188
122072590
103981094
106655011
158295691
128098396
178262386
190262797
110775325
107001890
113123268
108927007
103702480
101564457
109706526
111345777
135595773
106044024
742545396
105658318
102907602
106068771
193941939
125400159
137475664
111370951
106219384
100225152
114094787
170488528
230796078
101322963
104293840
217033962
110117833
109416393
100493525
169496530
166271360
123720375
103662801
246482885
111417031
107288183
101244031
171292794
182715926
110827805
106192077
159859422
163027418
105112185
118410515
167447679
495049607
166449707
103073575
126322612
106871757
103575334
97860568
-----------CASO 3-----------
150435221
197398787
125665119
127737863
138864036
104700880
187897786
572495481
129427035
182849899
186071655
177423132
103156348
120633872
123142242
167386666
170902821
112856176
1163384537
100351445
103521147
265312087
119885927
415450775
127504903
237995215
232374743
114235587
103640614
142960030
119967847
109763700
113351535
107958475
113308868
150896020
176248521
362317616
121941604
172484046
127526664
178788464
108004981
189782797
120269926
117514516
112304070
178129692
228611548
154452283
181332247
191186529
108176928
178952304
106544503
227860189
190583223
109610953
177576733
135462654
113613081
98458327
100233685
180342383
156136760
109543967
217560895
196011269
149034476
113915161
108583968
109486367
119610727
153297724
108612981
457667681
97072089
224186167
171030821
139410168
123164429
126537651
147318852
128275890
108811381
146480879
100877951
101112191
105663864
128508849
205394937
113070362
246591257
204873978
102115709
248940481
171982286
131166552
116664598
155726734
231014958
179004784
112621082
124887733
214155246
115155906
187389200
118090516
110986098
142253898
108746101
113593881
109546527
112528496
105333625
134906281
155451108
123120483
116688063
174188150
108435487
103350908
115635905
113267482
105841785
157753399
108239649
110053833
203540219
107780982
116052332
109004234
108912500
110504392
161212807
110781724
167715198
116348437
128252849
193098846
144821575
120714085
271953572
120560913
122660536
187750160
128281009
237920122
156105613
119281768
1281987906
104053627
121711630
225594164
109819166
104818212
107833462
110113566
110878578
109787166
113748335
114072601
116614677
109684340
107952928
104366373
109633567
101760724
104908239
114696387
668337064
177186333
113756868
311802907
106576503
131076099
284988222
111966150
102569255
166454827
174340044
109661300
111377351
105512398
192818527
219875559
200201984
103798480
126589705
101149737
105322532
106549197
232347436
111152924
229603973
353214694
193645832
165218775
115017240
107505782
136779345
132568577
103365415
145714587
101878910
127582984
110083699
137473958
109440713
179955396
155204494
110168179
104543866
136231932
155404601
104207227
117009771
283984276
175107616
103109841
222846435
100559231
116958144
116740117
105295651
103586854
109619060
101123710
111313351
157085239
99575340
229155547
110583752
104178640
149742742
108109088
103692240
111425990
104204239
103236561
105026852
134972413
100380885
683380032
104568612
116822464
109316553
158116065
160314674
142363978
117486783
104059600
109977459
116699583
183213845
98501847
124692747
167801385
116872811
116881343
100526805
104563066
105546531
102545789
110524872
102406695
107101303
105668131
100975231
99815552
104297680
188906425
254080102
111686257
119487420
106390477
103681574
170527355
106718584
165384322
112198683
108106102
221779770
109199220
101902376
248142615
368741501
100206805
107889781
103111974
102508668
121912164
104044666
206061817
113793134
172421753
210964210
100807124
110932338
189152611
105367332
110037193
105402318
152934631
109290100
98120834
205964537
98989527
296194607
143495070
141965899
100021205
98400301
206203470
260895666
101415124
102983974
173909537
103065468
110531699
116433344
104889466
101610110
108756768
300108416
104640720
104798586
239130574
101096404
99952938
101100244
100367232
119098301
181431662
109510687
107100023
235870845
101624616
108256289
102466855
103046268
103384614
103006161
151479699
178863131
220758331
98883713
101219284
167092693
106235170
101920296
101977469
101866537
109807646
116226411
119821927
108275061
170146343
107120076
105669411
100813951
130898179
233043329
102984829
99135020
111811270
179777477
101889576
106866210
104519546
108300234
111923483
417379306
180437955
155650360
109011487
157935585
107988768
192655113
100903978
104081787
107006583
144766961
1057320460
166072107
196354309
227236403
108477728
101474857
102803921
119771154
101107924
105400612
104860879
128862555
165233282
151622206
420435942
183769792
106158798
-----------CASO 4-----------
106740770
110031219
104514426
107972128
111157191
131032152
115473773
116303211
105452239
102608935
187855119
249523734
103491708
104572026
178380572
101666856
188498105
102335016
156589026
237650042
282357825
157427852
115517718
179437423
128209329
104691066
131565912
102949415
98673794
99918379
131977644
108823754
411619739
106197197
153233724
101940350
173255885
108080928
282823318
112937669
107465249
111005724
104498213
154951909
178181318
146639173
107012983
119509180
103110695
105839224
184917950
105442852
101936083
113835374
207366988
119923473
126023519
100049792
265362434
108304075
163781764
102842322
676124148
123370508
146047387
107704609
108235808
102448509
104069840
103891493
124222988
103479761
106495437
105041359
105953144
104405199
106265038
182735127
105996238
115449879
101084457
107279223
408342518
152724285
127310344
129828100
191891381
120609552
101018751
106866637
273487010
209464905
126375945
110038472
110522312
146082799
126415625
101586643
113330201
438458745
452080915
104644560
105529038
108935967
171835086
124236215
118289342
109399326
235991592
174617803
105440718
159156276
197604441
102155816
110422046
112432496
103309095
110009033
117896382
124278881
177934705
428708144
114795800
104419706
136224253
138183076
116251585
203536380
183719018
163553497
103029628
153459004
149511062
106242424
185238377
108112928
115735319
109983432
106437837
195770203
134976254
186996668
181838701
127355570
108921460
118809874
168045438
112490950
241621024
116804117
118164756
103170001
141667232
114078574
204346192
159172489
105002959
120293820
112888176
124213601
317166100
186495335
118876861
134026495
123202402
131014659
157565238
160927794
113585775
157814838
181121048
224294966
116580544
117969769
158006838
214758978
114384493
115603478
102172029
109404447
108673568
105863971
104439333
102236882
208949493
174155297
117279850
114675054
113244442
204635898
177863452
116200385
172306552
130128900
182656193
113933508
100111658
113476974
102277415
747635523
126064479
112976069
104584399
131927724
117700543
217805375
122272697
197904387
256647352
218630120
101809363
100784084
119251048
240223265
217201215
1932473259
116468757
363999108
209879624
208004000
575983903
221255823
182196246
281734039
162428805
518660030
139946487
144912881
135238227
222522595
120402620
247937815
144361629
175306868
424242658
141111286
133986389
265542913
165341228
1752368957
219873852
206197923
249357761
319349778
125630133
144904348
216314603
132931243
755267300
124373174
519329042
755773326
121960803
834324692
3315556290
374666614
233335168
73947638
135756199
366880383
141548619
199125931
119670033
276713032
111832603
174182177
118489022
319426151
139812941
114379373
195951535
273243810
559070858
190990689
497993176
154774415
673400738
1074946037
145693680
309434484
167766399
1620618726
226891230
123788215
232099543
419288637
218792680
249151254
298743938
530344707
118038889
1522036239
171588901
101130964
109290953
203399846
296855513
220399078
221448250
230575918
297946499
103481894
106195918
416127041
103897041
135653800
131279192
220230972
575105397
160967474
159096117
108393675
111323164
156025401
101255124
162147206
105078478
107524982
128925275
252179304
149651435
116014785
109607540
641571872
184304831
243395528
141917685
370946939
106321358
115653825
203854672
101196244
118570515
357861089
110371699
156490040
235481726
113654041
190990689
106657570
438621732
153623696
103744294
107733196
115265985
179069637
137020838
105180025
104004987
108787487
103141415
185895442
103266427
114192067
107147382
148452503
176722547
107324449
99505792
115053933
262688943
100377898
104927439
102864935
103248934
102481789
98545367
97896834
103236988
143937522
111508764
103769894
109389087
122142137
103740454
114106307
101910909
212338929
108650527
494436061
112938522
185314323
132974763
104258854
104308346
109179167
108178208
109224393
111492124
103028774
105536718
102770216
223192887
117342143
105443278
179711344
104201254
109598153
101975336
103827067
-----------CASO 5-----------
110944285
141125793
163391364
161794353
131854764
116818197
135614546
106137464
107563382
203225767
148495597
160136755
157486731
101654910
103780134
118240275
115367959
114672920
132612951
118374675
112046789
110319646
111614151
206383523
248376855
104453839
111523270
142405364
106609783
103997307
114791533
101962963
104612986
109517087
103260454
111551004
106795810
129821700
105320825
113045188
141183819
135939239
101129257
190305890
98859393
103529681
108454261
96318597
105527758
111778843
128348849
110298313
154113509
105738532
108263542
151780072
96092890
107406369
105660024
125162080
99312086
138963876
104281893
108479434
106299170
106403277
102781308
116587371
125293920
119950780
153533671
107415330
113171908
105345998
120882619
99349206
98497581
101373737
96417156
110508231
113858841
182808512
118296169
156423480
187304720
109558047
115698626
119528807
137632250
230604078
110468979
108292555
104988879
107677729
149479062
149035329
138598222
159855156
122645177
197463640
115513025
116204651
114796226
266223019
125063520
196212655
133939882
119660220
107196876
211250077
117503849
106894797
134208255
107819382
119135421
134260734
107126903
112956868
194404018
114683587
113441134
98605100
117808915
127680263
112742256
115820652
109475700
111515591
116093718
111172551
125988532
206986402
124173495
106027384
124546828
105909624
120088593
118106303
127887623
121305018
105116452
187375546
119210087
110036766
114747160
107847116
134674174
104884773
112266096
109026847
105244025
111577457
110420765
95458438
101741523
106113144
116070678
133282816
118991634
123663628
105613091
169990182
137409958
148721730
106989943
173620258
102059816
106157518
167992105
120408593
115582572
141275125
132174337
108332235
107724236
178261532
108289568
124303628
111965723
130948526
111323164
121921124
194526471
111085511
117578943
107463116
129813167
108903114
104279333
103030055
106211278
112699589
147646957
111434098
176241267
111467377
110064499
129153968
142038858
110008606
108968821
145390747
109810633
130996312
122857229
116196971
104980346
106013731
111054365
105395492
105938638
355578851
166376747
104557519
129987674
114335427
126458718
173038712
122057230
109738099
111790791
101048190
109756019
174167671
105513252
106998476
111792071
105371172
168338558
107798475
105161252
130291033
109520926
126496692
105137359
99753686
158429237
106368291
117797822
96077531
161723527
116291264
101458644
112729029
102230056
159569716
119131581
108918047
100624511
105088292
104671439
99953365
176630814
99617579
107242956
108184608
107275809
112055750
103814694
102399869
105215439
150767594
114125934
167339306
99978112
104395813
123780962
108291701
112716229
108019062
116466625
110309832
115510039
103466961
102390056
107628236
100869417
120957712
104838266
106629837
102893095
103791654
102905469
120519526
101278590
122192483
103478054
104663333
105333198
155553080
106147704
151148180
101892136
112161137
127732317
104214053
101892136
106158371
151642259
103592827
157537931
121865657
104412879
107751115
109786740
99804886
102824402
101672403
106849997
103862908
116320704
105170639
102143870
106916130
123116216
105223118
103119654
103034748
100542164
103025789
168007465
105052026
145612187
157796918
110611058
251481705
114954520
375772105
191890954
139622648
165326295
114204441
102210003
105727011
113773934
104575012
155349988
97883182
119910247
103312508
101713363
104215760
250234559
109470580
98845740
158943370
114081987
103351335
102291495
99267286
148775916
102439549
108116341
148124824
99478486
110329459
217085162
102627708
155754467
110996765
98832087
110076446
123174242
104612133
121679631
113223961
103269841
110352499
150925887
99041580
119760487
97854595
204844111
96243504
122098617
179906757
104970532
150939967
143796296
101521790
142474057
103059495
107708876
447213934
122679310
102556029
103521148
98493741
103329148
102581202
167667412
220860304
109036661
105652771
154303803
102265042
129905754
112179910
116958570
770613627
-----------CASO 6-----------
172778019
237417082
266386006
123301389
138561956
137601530
110513778
178849904
113502148
318226366
122174990
145491867
132506711
115292440
224422540
110668232
140060834
103628667
127522396
114845720
328122034
113625455
116209772
165551148
119833020
106083278
209781918
109528180
102326909
131321432
169952635
106580770
101183870
155543695
104135973
104714106
99389313
175304309
104890746
101249577
101728723
118767634
123948641
110573085
164950828
197920173
107227596
99304406
134727508
103449894
133622016
107347489
106569677
108453835
112495643
116906091
155238201
139115342
108306634
136467879
620389179
127396530
177972252
119539900
186867387
105168505
130875566
116031425
106079438
136321532
107452449
110835059
104928292
104782372
113179162
112230683
140189261
114576067
106277837
106396878
108406901
172461859
103992613
120302353
102207443
148329623
124157281
192885940
130263726
108194422
115292866
127121331
108511434
104273360
117284117
157872437
138142543
126370398
437238481
110100339
122855523
179639237
130582446
110790685
118850408
151554366
131571885
127225437
102612775
106017998
108266528
108649674
108388555
103218214
99755819
108985461
101194110
118783848
123374349
109724019
105398052
102962215
104766586
142053791
104524666
103508347
101854590
104355706
119143954
111894470
111663217
106918263
112591216
108963274
99413206
110084979
205052751
111056924
109105354
107222476
116391958
105599438
185343336
106432717
143506163
127647837
215503938
136308732
108373621
106459170
106323917
112537883
105823438
118854248
111068445
104600186
140929526
112801136
109731699
104920185
157388171
113512388
106193784
104880506
107687116
108561781
132323671
113782895
100256299
140687607
101641256
153613457
103758800
107876128
111171698
107950369
101440297
114752706
181372354
116697024
110176285
110349086
105849891
138204410
107097037
131124739
108340768
121078031
119021501
110277406
314283971
99915819
118940434
103783974
103116241
112135537
104230693
128937222
105497465
103325734
103065895
221045904
102012456
173031032
104923599
111073137
103197735
106793677
103355175
265518167
168068478
100855764
103719974
111166151
134605481
114867906
104082214
148179864
100690217
113157402
103833040
112892443
101635710
103024935
840914977
99632086
771332133
102451069
101075070
110384072
153839163
99203287
104361680
107654262
132265644
115060759
149595968
106199758
112367643
170258982
136685479
105544398
119364967
106334584
120365926
117760702
524760502
165455575
110728392
101965096
115688386
291663840
103486160
156289080
115580012
171771513
105675812
199401985
125008907
108782367
186651068
114692974
130208260
113580228
103183654
111257031
107266423
115035586
138217210
218971879
106079011
103114962
150969407
244977607
123990882
165210242
182818752
1052459880
124846774
114669080
187507813
111914950
102414802
102018002
109723167
194066951
135510866
102202749
107203703
143208776
105831118
107020663
118546621
111993030
113969348
109831113
105628451
196458415
103992614
144640241
101375017
107676876
99876992
153986790
124912480
123232695
107123489
105330638
109168073
111242951
120109926
117324223
109580234
120911632
130800899
144771655
120569019
107771169
106051278
135697746
99918806
100036992
242129610
103091921
109526046
152619324
108543434
122065764
121724431
124982027
131550552
108804555
132110764
110485618
103873574
106524451
103793360
104677839
103372241
173144952
111260444
108853194
110108446
114992493
173573752
109235060
143076084
105021306
818808979
108476874
102604669
195478364
123522828
115108546
209420106
105719332
110242419
109791859
162561072
101475283
517613418
235271379
109162527
110487325
103599654
120214886
131163565
138800889
114704920
107882528
109349834
170065275
112060443
150058901
109770953
104633466
113003376
114195907
112070683
194804657
112983749
111200711
112426096
115638465
114022681
100874964
123705869
103810427
119169127
109770953
397294425
105232506
125616479
106586743
170048209
102175442
107337249
103687973
108354848
107644022
-----------CASO 7-----------
161476487
105668558
121790138
130539353
153059218
122942990
185783655
115567212
139137528
157217079
116559638
149282796
118662675
123515149
115560812
138988196
126349492
130942979
111370950
695277617
180637636
187291921
186061842
112608710
123368802
114465133
104598480
593960200
107009996
135737853
171251407
127247197
111841136
127106398
125830239
122373817
112621936
124041228
118067902
107556556
117697983
136407292
106765944
102427602
116874943
147219011
110651591
103065894
148155544
116159424
146910105
109558900
141908725
114590573
104781519
101648936
111891483
102410109
141869045
105709518
115166572
106276131
102115710
107757516
97298648
155899534
109049460
108066422
112767429
148698690
102456616
117760276
164569816
139136248
111320178
117074197
111260444
114015001
166654080
115536919
113181722
182426220
99692673
112319430
139863714
161217500
102481788
126640478
100786218
99017687
101838376
99898326
141837898
142094751
121869498
142439071
98978860
147236505
105943758
98834647
102638375
194808071
115119213
107365836
124853600
104736719
103604348
129928367
193575432
119385021
196329135
159174623
106486477
130069594
109320394
109400180
107313356
168506238
169176530
108039115
175548789
105017466
100963284
109756446
104237093
176217801
106110157
103789521
111086791
105632291
112521670
111443484
156210147
109881459
110187379
121672804
104055333
101803390
106888823
101347284
101415977
108239648
109385247
104432506
123993868
187777467
141426592
125223947
100370218
151928979
103131601
110519326
100814804
115706305
109945033
163194671
99028779
159651636
106976717
101852029
105150159
114361880
109136927
108545141
226202164
110340552
105828558
173502071
134933161
97949314
332240214
102857255
107643595
107088503
103465255
118694674
204736165
104318586
105396345
114145134
102738215
100139819
198137773
107688395
120649659
125429173
119469500
107165730
140663287
106532984
104485413
101954430
127304370
102177576
120947472
104341627
168933331
98187821
110707058
110387059
102899922
96766170
101153150
102032082
161877126
113555482
117642942
104694906
102685735
118895208
100146645
101494910
104012240
108242635
109446260
104696613
129615621
102662269
161171420
109483806
104005840
118817555
109974899
170494075
115620119
104629626
105600718
107115382
162973658
254269115
163483097
135051774
102961789
149978262
100699604
100700031
105958691
101732990
124662027
117822569
136383399
141764939
127153331
139333795
112987589
135692626
137519184
117369877
105093839
184056938
115343639
105754745
146982212
112387696
102979282
111854790
98140888
121937764
112679536
103739600
170582395
107437516
148488770
99011287
112936388
106983116
110710045
110235166
100845524
100001578
110625991
119062035
101900669
118166036
116523371
106550477
168380371
106460877
119848380
114374253
104527226
102247976
102584616
105804665
116821610
112494363
164725550
97682221
100693631
111518578
154295696
108681248
103059069
107075703
117769236
102848295
101660883
101203924
97190275
100650964
132955137
152306578
115079533
107851809
108068555
110133193
168858237
131414445
101314857
104338639
113057135
106451064
434087978
109052447
103901734
132438017
112330523
113761988
103065895
111283057
102974589
103522428
170774821
105350265
108525515
109008073
100191445
122113977
612890522
100076245
109860126
169834023
109716766
99448192
102523176
100493525
102634108
109296927
102764242
105574691
101956989
102620882
106056825
120885179
106924663
113935214
104292560
107977248
104240506
105129679
107929461
102663122
101845630
107042423
140571980
120754192
142757790
104519973
109764553
164161070
118290622
299109164
104746106
106188664
118570515
108092449
106324344
105002105
100169259
101786323
122006030
100303231
104002427
110206579
119200274
119641874
108314314
114502253
156155960
101372457
100373205
187990373
155780067
126570932
102019709
109296500
153431697
103876134
101753470
100980351
105555065
106719437
117645503
107024076
115912385
110552179
104765732
107839009
119992166
108217461
-----------CASO 8-----------
127545437
102942589
135459240
110000499
118595262
138664356
110427165
125595999
105568718
118203155
102744188
115083800
171598714
105889998
110540231
108960714
116671851
131378178
203520592
109730846
112550256
114301721
101641256
116946197
123411469
235797459
110760819
110940018
114674200
107044556
107711862
151608980
113616921
435855655
128508422
127691356
121826404
108594208
103949520
100671871
190044344
104515280
104782372
105130532
120521233
113738094
119250621
120777659
105595172
126976691
97104515
104861305
109740233
107263436
157446625
96423984
226389471
146465093
115204119
102923389
107111542
140475127
101103230
112780655
109932659
142769737
106611063
103853520
103167015
110916978
102391762
100542165
113752602
113598574
107564236
119670034
102015016
106409677
122852110
105315279
116461930
107382902
105492345
120237072
106741197
101418110
288182671
108642421
103557841
102827815
111632497
117481663
104947493
101823017
133530709
106017571
159321823
111319751
139355982
104141947
171588474
100729471
127632050
109949299
140800673
114471107
103584720
103547601
109765833
146891332
116576277
108816928
99424299
117246570
111998577
154872121
119984060
104304933
171692154
106761250
148496450
107527115
130441220
103103441
103353895
107548022
103843280
105726158
106747170
117189823
105759011
125340000
100146645
169542610
103122641
104797732
134659241
129925807
133502976
100899284
110829084
133871189
113071215
178228679
99453312
122957922
113404015
122793229
114032494
135691773
107798902
234341246
95466118
119345767
116204651
108494795
117206890
128945329
103477201
112728602
102560295
114625560
99457153
100903551
197661614
140161528
102032510
106769357
106759116
102079869
201873235
114011160
124240481
105802958
107699062
123992588
100089899
107520289
107777995
107824075
166216747
105409572
281296280
191745034
107837302
143324403
102586749
201655635
132851030
114055107
106240291
120118886
164880003
109976180
109113460
113575961
160504968
101506430
99369260
149706475
99146966
133402709
115355159
151609406
124521654
109873780
721653689
97608836
107766476
102106323
100285738
101223551
123263843
120996539
116018198
107348342
105127545
116169664
122741603
122066190
137459878
125625866
206626722
99518593
107382049
129025969
101609684
112286149
242354890
104100560
104003706
642382538
146008133
171958394
104583119
106626424
118570941
126908424
110416073
105753465
750411840
768184617
121080165
116862144
118495849
148063810
112113350
118704062
166070400
139143929
101831550
161055794
150012821
115986625
114207427
112893722
120444006
112509723
116659904
259907934
108610421
99456299
134813268
105944611
110937884
117703956
113066096
166707413
96547290
154759909
106696397
101424084
262773850
173581004
141544352
140192247
137898917
104546000
111526257
105830265
107169996
108655648
105595172
118959635
117741076
128100103
107916236
138350757
114413080
129045595
105153146
106134478
179029105
107282209
105115172
140849313
101576403
96470917
99467393
108481568
121610084
105264932
114666519
107574049
102811175
425089589
107250636
109344286
106760824
131730178
108767861
102594856
104916773
101782910
118660542
110453618
124194401
102658002
132965376
103472508
123143522
105122852
112122737
103237414
158322997
104975652
103463547
148394904
114349933
130452740
105066532
108201248
101938216
110102046
106728823
124652213
107237409
108536608
106509090
104074107
223166008
107769889
187263334
102826109
150480448
104883492
99559553
142650271
104685093
157515318
111743857
98901633
100419712
105398052
134974974
100255445
137980837
108082208
103520720
114204014
99117953
111388018
107836449
104755920
106393037
99316353
173989751
109159541
211248796
112019910
286188433
101531177
101533310
104213200
110769351
112852762
99826219
101725737
104806266
101905363
101604990
102687016
104392399
105006799
102499282
151598313
127242078
114480493
106516343
227107549
104522959
146198426
126605065
102261203
109756020
136476412
104151334
136281426
103299708
115377345
-----------CASO 9-----------
109412553
107954209
113583641
138124197
112295963
136487506
123004429
117327210
110240712
125987252
215320045
104541306
166419840
116582677
107958048
108502901
112397083
108873674
430018010
214300313
106710050
186426215
114512920
141709046
119656807
106607650
131054339
110312392
177618120
138485156
154372069
105908344
102862801
103488720
125530719
105266212
139100409
115252759
111138418
104921466
136729424
109226953
116978624
105602851
103489147
332206509
155768547
104356986
153122364
109865246
108614688
120225553
108884340
106846157
158404491
137638650
104256720
112037830
107896182
123591521
289082937
123476749
115745132
131366658
156507533
147652931
108782794
112992709
107876982
103145682
109405727
107195169
99726806
698340226
165268268
107545036
104036560
104368079
117092544
152263485
113572975
107850102
115688812
113640815
105605411
300935295
105557198
165245229
109069941
105968931
118526568
103775867
109456073
105812345
108037835
115848385
122473657
151664873
145386054
104353573
119792060
233775914
153096764
263222276
117546089
145551173
134045695
110448499
105332772
110202739
99441366
98093954
183877311
375395786
139911074
100766591
157066465
151781352
105641678
106741197
116990571
105007652
149989782
103303121
107592822
133181270
101253417
146926318
125520479
106440397
103906854
103754107
108245621
138756943
105572132
108207648
105571279
104211920
105889145
137110438
105892985
113151002
99298433
334391892
112102257
99723819
100408192
104096293
107439650
114897773
107494689
103960614
106553890
99846272
103071868
120790032
103437521
113003802
184937150
114381081
106957090
110209139
158710410
108991007
99168300
114903319
109717620
108400075
221647503
140640673
104694906
114745453
103507920
107615435
103544614
111114525
256466445
111160604
101389951
137267877
108686794
131254872
158422837
98456194
103999440
101444564
618531474
129546074
102812882
126823518
105919864
103569361
101482963
184153791
114913133
115938838
100212352
112479856
150256874
102466002
112976495
127178931
113606682
100045952
100609578
150085354
473473101
118777021
117229077
154557242
177922759
110618312
103147388
102391335
117106197
111722524
194840924
138692089
103995600
749485547
101539283
108126581
111430684
116627050
108624501
160132488
113459482
110733512
107510475
109722313
116267371
218947133
100453418
112405616
170901541
111665350
124752480
102649042
134508627
126308532
105182586
127540316
117938623
177364253
120098407
489246094
121930511
104921039
111674737
178172786
112558363
136190119
177442759
136614652
105849464
117202197
103847547
140379553
118491155
111201565
124110348
109094687
106885836
101459070
118305129
111829617
102393469
103466107
103287761
103164454
137677050
175491189
107351756
117071637
106326050
161178674
115373079
108845087
121114725
136086439
122246244
105092132
108249461
105374158
108596768
107830902
150235541
431132462
106806903
114295320
101523496
156487053
102452776
136545532
109962526
140130381
100499498
196663642
106455757
102297469
294810929
107930316
124972641
104360826
135844519
105352825
106407117
122955789
120118033
118202302
117091690
121015738
107062903
113051588
112473456
111044978
109364340
149203436
131702018
107123916
124241761
101872083
126483465
116082625
119180220
119844114
107457569
159122997
109965086
156426467
110731805
109164234
104013093
145603227
99019393
101711657
104109946
106573944
156111160
105814051
123398242
103021521
107135436
101462910
116080918
97222702
116999530
165976108
103045415
109313567
102467283
113806788
101722750
102137469
132838656
160799795
146064026
106841463
109718473
160279262
107980662
111793350
131827885
160288221
1350670058
101365630
163984430
107606476
107607329
95697797
110876019
133761109
109091273
115389719
168562131
104060453
121572111
116461930
126447198
107232716
104557946
104424826
166957866
101799123
108319861
104909093
110838471
102954108
105341732
98701527
322443107
108060875
230818692
104673573
102311976
100257578
116200811
120637712
160868914
124184588
-----------CASO 10-----------
176414920
123258295
120884325
101213737
137440677
114109294
373028643
219922065
107823648
386743399
106086691
114567107
116239637
109523060
118982248
195882416
110539379
107485303
194223111
113721028
763848409
109120287
130484740
112504176
113746627
164425176
118404115
123765175
113625028
102153256
567377193
332098561
107783542
106500983
100347178
135991719
106809036
108163702
106220237
109415967
101432190
159710089
105773945
106175011
133706069
312707867
156664973
97439876
131210926
100873684
109095114
108470475
155725880
109918152
109765406
189598050
130300846
105065252
231747117
101160831
140172194
121840484
110555592
125767093
114649880
113819588
110384072
120745658
105542692
119419580
152026258
105084026
102650748
106901196
106871757
110556019
840640631
109836233
120976059
96307503
104482853
108654367
624411787
115710572
124879200
120865979
123912802
118442515
113996654
99567232
100107392
104749946
109882740
128123142
201124436
101367337
109424073
475929845
106296611
113139908
113633988
157160332
144326215
113870788
107648289
109895966
145347227
156345827
114698947
100692351
117964222
126475785
111483164
123539042
116810518
184088511
101502590
342277962
142071285
110451485
117189823
127237811
146654532
115019373
135358120
106858530
105742798
109094261
103658534
102873042
119542460
127691356
109977886
105700984
115333399
99818539
131081646
164471256
107332983
104156881
109790579
132339884
111016391
108782794
100105685
167768105
103690108
110349939
103772880
698036014
101265364
106590583
104365093
138346489
101980883
106953249
131046233
103613734
115009133
152716178
141877151
104268667
107296716
154764175
106031651
107152929
104487120
111662364
102768935
108666741
107437942
104498640
107235276
105053733
106938316
394587228
113695427
132831403
99540779
102396456
104462799
106434424
102515922
97744942
108722634
106742477
176089375
100338645
112309616
99541206
117940755
116416277
112706416
863588441
424485003
121061818
104112080
98639234
825904436
114269720
131014232
900104235
109895540
182984725
1258873269
107199436
109238047
176075295
119832593
109134794
105351118
109893406
169633063
114554307
111671751
102987815
109150581
138386596
104030161
109605406
107889782
108566902
121654458
116516544
133647615
104426960
132817750
151787752
111210098
103631227
109148874
109200927
132776790
114289774
112840389
106115704
190794849
150110528
102093949
361463430
116427797
109045620
133512362
98160514
102629842
106768503
153743164
101233790
104480293
107829196
115978518
115194733
373141709
116454251
112227696
98265048
119192595
112343750
174883616
110135752
176929907
102055976
111543751
165858348
130433113
105852878
109106634
100740565
406097400
107611595
103691814
101493203
140804939
115674732
99637633
110014579
168836050
111324871
117584917
127237811
102911015
106073464
98440407
186926268
99735339
101330217
109170633
141258486
104131280
110643912
169116797
100560511
110641778
104992292
162992858
96203397
116082198
103322747
196543748
100607444
110437832
99297579
149097196
106557303
101657470
166590933
103225041
112769135
188472932
103570214
111067164
104539173
162921605
99154646
114367427
221880462
105653625
104822906
110197192
101390377
124383414
133340416
101658323
104014373
138092624
110030366
105488078
293216905
106864504
102920402
106071331
102282109
110213832
101725310
113808068
113675374
111129031
138195877
110935325
100785364
103567654
111736604
126266291
183014166
110336712
513342916
105330638
165959894
105155705
108337781
120419259
105655331
107727223
140420087
102655015
105259385
112046364
125834506
136088999
101882323
101327230
106026958
98788140
103324881
105439011
112375323
104329680
112071963
108970527
401926312
97335342
100033152
150392981
101984297
118458302
106041465
113770947
161961179
113702255
103512614
102587175
110545779
129709061
113086149
135954172
104189734
186971067
104066000
109379700
107926475
101324244
102367442
207036322
99606486
116111638
105891705
103100454
163502724
108037835
138969422
