-----------CASO 1-----------
51429908
46887194
48349379
50278762
49575617
58194273
53892197
90128524
53959184
49626816
47614232
52180413
78463046
48232898
61738588
53250918
50976362
49186070
54457103
68165033
54667450
54735716
47294233
48746604
49900736
92089482
55470009
53510331
50086763
50721641
50273643
59506271
58322699
55523342
48752578
51932947
47759299
52147560
58666165
54414863
59419657
49821803
88651406
50420842
51918014
49713856
48268739
56493155
53373372
50593215
50460948
47725593
50803561
58312885
50796735
54935397
50355989
68089086
50911935
47188420
50537748
53667345
51926973
64844717
47397913
48575511
47182446
52019986
54317584
49822656
50437909
48901911
54452410
94550066
83209280
55802809
54672570
51635560
60608776
61665201
-----------CASO 2-----------
70358096
59184137
63569839
52806759
46915780
132743510
66965674
50487402
56602381
82396054
63042905
51607400
76890355
72505080
55018170
54483983
49134871
53800892
158403638
97712515
51423081
68302846
47925698
50380736
49938283
50252736
49124631
48177858
54631184
51378707
50167830
54180623
58759604
48886124
51792574
59288671
54463504
47624899
49133590
69463377
56989367
49091777
54434917
109575539
49070443
51135934
47729006
48564418
152546791
48301165
51421374
57199287
55081742
50475882
49623830
55160676
52537959
46419141
50280469
48255938
48465431
52569533
47020740
52767932
48037485
54149050
73999692
46831300
51496894
49480897
49719403
49207404
62172507
52209853
52182973
50246762
50890601
101158271
48796525
125501279
-----------CASO 3-----------
52616466
51827561
53193745
49665217
53502225
52263186
56117262
76065183
59116724
54199397
54910223
49687830
51787454
60355336
66995967
49822657
47686339
70262524
47835672
51196521
51533161
55654755
93254280
50300949
48452205
51251135
49000044
48014018
62212187
53901157
123063736
55327076
48636525
54085904
51614654
54509157
55812622
88489273
53203559
54288144
54347450
60604509
52337853
49101164
54586383
69420285
48282392
51445268
48744044
53498812
52409106
53273105
52144146
53531238
52231613
85421544
54669156
55793422
55653049
50009109
54972943
49823083
56782861
49029483
56952674
54552250
53122065
47228526
51905214
52156520
55315556
53236839
48654871
67762260
48517484
55110330
53061479
55950435
48905751
50920468
-----------CASO 4-----------
48395884
49344364
47695299
55992248
48562711
54184037
51165801
54498917
52117266
51272467
53436091
48440258
47494765
53737318
55719608
47868525
80601497
48061379
157826358
52225213
45383622
49970282
48331885
50946921
49446763
52364306
56362167
50579562
53742012
50080363
57389580
50897429
60646322
52210280
60624989
50852202
50742122
49872150
49137004
51334334
56056248
61926747
52258493
51966654
48235885
52187666
51189268
63512666
50347456
52537533
107121356
51534441
55365049
49009857
51719187
46895300
58436191
51261375
77893874
51940627
50294975
119420434
54638010
57771873
49385750
54458810
47101379
49323030
57848672
64238851
51792573
52831079
64568665
55545956
53693798
47185433
56690274
60042163
60710322
48909590
-----------CASO 5-----------
60147123
49439510
57256460
70678523
51054014
55883022
52707346
49730497
49957483
53808144
50862442
46466074
50409749
45587568
52450493
48825964
49399830
50895295
49981803
55694008
93255987
53186919
49806443
50068843
65361837
55805795
49851669
50028736
50740415
60897629
48451352
52921532
49305963
48742338
52028946
48609644
52473107
48700524
50815934
52580626
50269802
50101696
71225936
50070123
52136040
47947885
51584787
51635987
49827776
47573273
49334123
303223079
47681646
51728147
50207083
53797905
56549048
54201104
56000355
53759078
55394063
49603777
50893161
49240683
51486227
49244523
53453585
53192892
53023932
47155140
47406019
54772836
49390017
55608248
49629803
59004084
50318442
53045693
53939558
49701483
-----------CASO 6-----------
52704786
60044297
47396633
52538386
46462661
53896891
106094371
51315561
47734125
49851243
54993422
48008898
62569306
49570496
52240146
55136783
50267669
50039829
50041109
46519407
52144573
54939236
53626811
69213778
55842916
52200893
56425314
48779458
47464472
50464789
53352465
51682493
50382442
58803552
51160255
47503726
53706171
50743829
55585635
53506918
55638542
51202068
54617103
61789787
53038012
47297220
50149909
106079864
52368146
49682710
48299458
52988946
53455292
51102654
58037685
53020092
60221363
51209748
49891350
49904149
54329531
51611240
50037269
51532307
56371127
91536096
49827776
73718519
64946690
50960575
48344685
133720149
50156736
58096992
51182868
99906006
50812948
115492972
48358338
50087189
-----------CASO 7-----------
138198863
54663183
46893167
50672148
101845203
54119184
54696890
128737969
50357269
64960770
52180840
51455508
48246552
53317479
51156414
58679391
58480138
55010063
49692950
68130900
48666391
50151616
52359613
46770287
48100205
58771125
47899672
46541168
47163246
48201751
119998140
47563459
50386709
53468945
50538175
55747342
48171459
81756909
51820733
50399509
51223828
107557836
52907879
48147565
49506070
52797372
50471189
174599456
103308241
58029579
65291864
51038228
68241833
59007071
55594169
51187987
51276308
75370997
48291352
60821682
50488256
47841646
48410818
61224028
48413378
50246762
60583603
50355562
54012091
58927711
50890602
55403450
54050491
88031461
48022552
63154266
47906072
56610914
50020202
68464979
-----------CASO 8-----------
47779352
51788307
220652091
87420475
46669593
47008794
50264255
53175825
57999712
53579879
46361967
48392898
69620390
46513007
59031817
48320365
51310015
52332733
58019339
117514517
55094543
55900942
51759294
53631932
55293369
49893910
53949798
49542763
59622751
48924097
58783925
723607821
551373801
50970815
51478974
65788076
65138690
468928680
11077106
739166627
617808275
49137004
51740094
7077111
2118702781
58899978
49916523
48238019
54493370
768955602
49197164
80418457
785362621
92414602
50779241
47770819
49314497
51877481
49412630
55033956
48530285
60092083
56345101
61037575
52385213
54079504
80345070
86440849
47482393
49957910
56900621
51342441
50919615
51195668
48355352
57014114
94591026
50102123
52392467
52106600
-----------CASO 9-----------
53994170
87145701
49153217
55022436
49314923
47129967
54681956
52988945
56339981
50281322
49087511
54284731
47429913
50625642
53232572
50759615
82296215
55109476
54170810
60405683
73767158
49736470
50688789
47323673
48193218
113049028
49712150
51533161
51258388
53225318
49221911
49784256
48219245
48246551
52785853
50966122
53958331
54573584
49256470
49864470
102390056
52748733
54815076
50594069
50682389
51153001
48601538
50211776
56083129
47691459
57734753
50884202
49561537
52435986
52383933
48487191
50599615
56679608
50582122
96588676
55539129
53614865
54743397
58569739
48578924
48440258
52942013
47468312
53754812
50099136
49220204
50117056
94166919
67576233
48568258
50679402
50649109
215359724
48655725
51728573
-----------CASO 10-----------
113727854
67710206
48363031
102282109
64450478
74306039
48565271
59863390
50204949
53439932
48164205
52044733
52040894
49654976
55455929
112118470
50158869
51871934
47664579
49017964
46089754
48544792
52219667
54324411
57941260
50625642
76194890
60350643
49561536
50807829
86580796
54011237
116346731
49077698
46499354
49374657
63472132
47334339
53056359
51761001
49931882
103596241
48363458
49580737
247212910
49765909
52210280
70297083
48650604
53221479
49437377
52351933
76444062
60949682
48066499
53350332
52780733
99672192
51968360
46282608
53069586
56299021
50070976
48398018
52530706
48323778
53044413
53156199
50092309
51084735
99985365
49270551
50523669
49644736
129785860
48160365
51784040
48508952
71876601
46844101
