-----------CASO 1-----------
97624622
114571800
116020758
110730525
113490628
104956026
124673973
107275383
133618176
120548113
126883678
130419460
101095551
180455023
108293408
102573949
107568503
117104063
125308853
116302358
109342154
108053195
104077947
108418422
156974733
106722424
102885415
128734556
103240828
125930932
158150624
111348765
114549614
119352594
116408598
180920942
101571283
117450090
131537752
109483380
105953571
111822791
144795548
106948556
127844103
142608030
106341837
103883387
100962858
163835097
108958154
105627172
158373770
141678752
118705342
139296248
110656711
176109001
108056182
103316347
107165303
103983227
123833442
127018504
179065798
99582592
111257031
181790060
116916331
113156549
106009891
106380664
104125734
104888185
114535533
148901356
103431547
111310365
109586633
141070752
-----------CASO 2-----------
103452881
103980667
127736156
191006902
128382129
106493303
130078981
144149576
135434067
128634289
103350054
183719445
136392359
134629801
106463010
194473991
105183865
103387601
177979506
123869708
133287509
113721881
109489353
107961035
112051484
110433138
107691382
104154747
105609678
113919854
129284528
153076711
107822795
111797617
126558985
175241163
108886901
103446907
110070899
110518899
106094371
108519967
108277622
107738742
106526157
105127972
108913354
136030119
115287745
137885690
99478486
162535898
144490908
105874211
106524877
105335759
112766576
172704206
111367111
104005840
128839515
107848396
106130211
111319325
191749302
125112586
117775209
111372657
110131059
103839441
108508022
104493946
115396973
105533731
112816496
166158720
103558267
107252770
108950474
153338257
-----------CASO 3-----------
111221191
178059292
103173842
98692567
118044862
114738626
109063967
140477260
125977439
112499483
126403678
108724341
100644991
161632220
124652214
126502665
127690930
106464291
122054671
101475284
99018966
109737246
110461298
106521464
109241460
110015433
123584269
105866104
158994570
111641457
110097352
107665782
110884979
125307573
104985039
125366026
105828131
169697916
106806903
116889877
118498409
119597927
116499478
124459361
114910999
111119218
105844771
103505361
111195164
104563066
105081039
119934993
110902471
111642310
132464044
114434414
112188869
113019162
116200811
113166789
154731322
100708138
118859795
177903986
111194738
107103862
147993410
123154616
121204751
126653277
108765727
172655566
100953471
137046864
97647235
101089577
102460029
103720827
104390693
108588234
-----------CASO 4-----------
111016392
107221623
100460245
174278177
102322216
103499387
101381416
100893310
119464380
104172240
123868854
101412563
111762630
112627056
131778392
101311017
112142790
107743862
112618096
99721259
102425896
158002998
111542043
110578631
414563309
105805944
107131170
110967325
118529555
107223756
103510481
109852872
156357773
108474314
105596452
110047859
156165773
107441356
118182676
107790795
116381291
109634846
163538564
111691804
117323370
128130822
161608327
115065879
103295015
124657334
122142564
125269173
216217750
110062366
101166378
142661364
108056609
130060634
99685846
128791302
100128299
118514195
106896076
130784686
109009780
126904157
175123830
117312276
108937674
130894339
111587270
114489454
133768362
138139983
118433981
129534981
117900650
146025199
111642737
139578275
-----------CASO 5-----------
107152930
105229945
104937252
107431542
182886166
116380864
138406223
113218842
105861838
101236778
161070300
102562002
108177355
112719642
111938417
170403195
101886163
126079412
117615209
133893375
100265685
98849154
107790368
105592185
108085195
192507061
103128188
110193779
109498740
206140750
109795700
106021838
190158263
104308346
107478902
135755773
104330107
120541713
128277596
100990164
128761009
122836323
106558157
104763599
122192910
101026857
112586949
109963379
113236761
97899821
102381949
101120297
95164891
118550888
117974036
121865657
121972751
99942272
113168495
107120076
115511745
101901096
111890631
105340452
116729450
133523882
102655442
106233891
140627447
142410484
106636237
146297413
96361690
108624074
102396029
120109926
108711114
133943722
107809142
104517413
-----------CASO 6-----------
130107140
115774999
99220780
102639229
104313040
102268456
99200726
104934265
101097257
108287008
160877448
99494272
109346846
110323486
122034617
99140993
111902577
148935916
105266638
106179277
177278493
107984076
102609789
198903639
147140505
138851235
105035386
103005308
113838787
128101809
104908239
168359891
100378325
102082429
135573587
103603067
148606530
110598685
107863329
114072601
139798861
170207783
117194944
107529249
139225422
102363175
106464717
105767544
106935329
104456400
100698324
108241781
159333769
100432511
170468476
132530177
103352614
210089544
104113360
131442179
112397082
145884827
117558463
179458756
112252870
131893591
103239975
106181838
102691709
112647536
121960804
166130988
136275025
147363225
118806035
129523034
102064509
115559958
113560174
121061818
-----------CASO 7-----------
139341475
111221618
96068997
114400707
131521538
112236656
174101964
123620535
185585682
96009263
186299069
106243277
112762735
103158908
131625645
253143143
106925090
108872394
167589759
99021953
110832498
167033386
107773302
103472081
111340231
107885515
125730826
109856286
105375012
110919965
109290527
103473787
104530640
103551014
109106634
251867411
143837683
157250785
104274640
107609036
145471814
172007886
102041042
157371532
103456294
108770421
137360038
107609889
324791051
120116753
146761199
124121015
106109304
159808649
120977339
110005193
117016170
116497344
156081294
123848375
140024141
106384077
125987252
264249688
115900439
103598375
107458423
158924596
103445627
110339272
102792402
178558491
104100987
122298723
121240591
101862270
112273349
107586849
182665579
102504829
-----------CASO 8-----------
132179457
108012235
160443528
250136426
103389308
145607920
109079327
110206579
108883061
101740244
189676984
104239653
179987823
105085305
109476127
98165634
111995590
111152925
110129353
113767962
107855222
105456078
103942267
102207869
116619371
109722739
118695102
110926364
109467593
120831845
538758137
77198408
833121067
109091700
67450794
773193677
132568151
113426628
588253114
73703159
1502194984
119732753
120539579
617696489
107975116
1510361800
2018327443
108937673
101295231
106067917
59278858
1538807204
99448619
103976400
106131064
108886474
110598685
105370318
168721277
103060775
118227475
107669622
120669712
145283227
131905538
134525268
106482637
118238142
117784596
104145360
138858489
123887628
107528823
100184192
121031952
220782651
109470153
109962526
98887980
118256915
-----------CASO 9-----------
159390090
106945996
103891920
108863434
104436773
154315749
111440071
104906532
117504703
113271749
239427960
111590257
121652324
111269831
171562020
119343634
101577683
121677070
136144466
186225682
130041433
102541949
127622664
99184087
100538752
141656992
108097995
100146645
100316459
176143988
115057346
163271471
104473893
106000931
105546959
101934376
105658745
109378420
104202533
105945891
110029512
144088989
104087760
115797612
108136822
103870161
103735334
155836387
117633129
135789479
103842853
154382309
110785992
108681675
127187037
125310987
142767604
111504924
108249461
103750693
104736719
111928176
111288178
141679178
101084031
138701050
110992925
117409556
125638239
131385432
110222792
109911326
111154631
152001512
99995606
117993662
107357730
183896085
99746859
98890967
-----------CASO 10-----------
114999320
109972766
99393152
104420133
132937217
148667543
102996348
116351851
106824397
109791006
416000321
109681779
138177956
106239864
98265900
305436196
101884883
108908233
102747175
113332335
175273589
103826640
123574455
165810988
114356334
119350034
107812129
109269620
106056398
188534799
113344708
109712926
109933513
107973835
100196565
101576830
167251412
101202644
102629415
120079633
103467387
100188031
119261714
113326788
214476099
100985470
102028669
108176501
107024930
101637844
106146424
107131169
109541406
107113250
111884230
105854158
110045299
107559969
116570730
106351223
116924863
109044341
110513352
137152678
151027433
110093939
166096001
103920933
124187147
120238779
141530272
102885415
127632477
111449457
110531699
100962004
129189808
102707068
141772192
109905780
