-----------CASO 1-----------
381452
252168
257288
268169
275849
-----------CASO 2-----------
318091
339211
276489
247047
256648
-----------CASO 3-----------
314890
305290
254728
263049
299529
-----------CASO 4-----------
266888
253448
250248
632340
337291
-----------CASO 5-----------
256648
266888
227847
285449
322571
-----------CASO 6-----------
238727
229767
304650
231687
298250
-----------CASO 7-----------
317450
528657
284169
296970
293130
-----------CASO 8-----------
271368
311690
294409
387852
315530
-----------CASO 9-----------
261128
302730
254728
248328
307850
-----------CASO 10-----------
297610
253448
247048
387212
305290
