-----------CASO 1-----------
213126
172165
234888
254088
248968
-----------CASO 2-----------
190086
491536
200326
227848
243847
-----------CASO 3-----------
222088
231687
184326
186246
222087
-----------CASO 4-----------
196487
169605
243848
421773
330891
-----------CASO 5-----------
236168
176006
184966
190726
223368
-----------CASO 6-----------
207367
187526
236168
186246
370572
-----------CASO 7-----------
177926
226567
252809
240008
195206
-----------CASO 8-----------
208647
286729
192646
206726
199046
-----------CASO 9-----------
235527
231048
181766
290570
513297
-----------CASO 10-----------
264329
212487
252168
428174
290569
